           0             0
  0.02666667             0
  0.05333333             0
        0.08             0
   0.1066667             0
   0.1333333             0
        0.16             0
   0.1866667             0
   0.2133333             0
        0.24             0
   0.2666667             0
   0.2933333             0
        0.32             0
   0.3466667             0
   0.3733333             0
         0.4             0
   0.4266667             0
   0.4533333             0
        0.48             0
   0.5066667             0
   0.5333333             0
        0.56             0
   0.5866667             0
   0.6133333             0
        0.64             0
   0.6666667             0
   0.6933333             0
        0.72             0
   0.7466667             0
   0.7733333             0
         0.8             0
   0.8266667             0
   0.8533333             0
        0.88             0
   0.9066667             0
   0.9333333             0
        0.96             0
   0.9866667             0
    1.013333             0
        1.04             0
    1.066667             0
    1.093333             0
        1.12             0
    1.146667             0
    1.173333             0
         1.2             0
    1.226667             0
    1.253333             0
        1.28             0
    1.306667             0
    1.333333             0
        1.36             0
    1.386667             0
    1.413333             0
        1.44             0
    1.466667             0
    1.493333             0
        1.52             0
    1.546667             0
    1.573333             0
         1.6             0
    1.626667             0
    1.653333             0
        1.68             0
    1.706667             0
    1.733333             0
        1.76             0
    1.786667             0
    1.813333             0
        1.84             0
    1.866667             0
    1.893333             0
        1.92             0
    1.946667             0
    1.973333             0
           2             0
    2.026667             0
    2.053333             0
        2.08             0
    2.106667             0
    2.133333             0
        2.16             0
    2.186667             0
    2.213333             0
        2.24             0
    2.266667             0
    2.293333             0
        2.32             0
    2.346667             0
    2.373333             0
         2.4             0
    2.426667             0
    2.453333             0
        2.48             0
    2.506667             0
    2.533333             0
        2.56             0
    2.586667             0
    2.613333             0
        2.64             0
    2.666667             0
    2.693333             0
        2.72             0
    2.746667             0
    2.773333             0
         2.8             0
    2.826667             0
    2.853333             0
        2.88             0
    2.906667             0
    2.933333             0
        2.96             0
    2.986667             0
    3.013333             0
        3.04             0
    3.066667             0
    3.093333             0
        3.12             0
    3.146667             0
    3.173333             0
         3.2             0
    3.226667             0
    3.253333             0
        3.28             0
    3.306667             0
    3.333333             0
        3.36             0
    3.386667             0
    3.413333             0
        3.44             0
    3.466667             0
    3.493333             0
        3.52             0
    3.546667             0
    3.573333             0
         3.6             0
    3.626667             0
    3.653333             0
        3.68             0
    3.706667             0
    3.733333             0
        3.76             0
    3.786667             0
    3.813333             0
        3.84             0
    3.866667             0
    3.893333             0
        3.92             0
    3.946667             0
    3.973333             0
           4             0
    4.026667             0
    4.053333             0
        4.08             0
    4.106667             0
    4.133333             0
        4.16             0
    4.186667             0
    4.213333             0
        4.24             0
    4.266667             0
    4.293333             0
        4.32             0
    4.346667             0
    4.373333             0
         4.4             0
    4.426667             0
    4.453333             0
        4.48  2.2693306e-017
    4.506667  4.5957919e-016
    4.533333  3.6445618e-015
        4.56  5.4655073e-014
    4.586667  6.3547184e-013
    4.613333  6.4527782e-012
        4.64  5.8248082e-011
    4.666667  4.6703621e-010
    4.693333  3.3274887e-009
        4.72  2.1078112e-008
    4.746667  1.1876402e-007
    4.773333  5.955429e-007
         4.8  2.6599941e-006
    4.826667  1.0590932e-005
    4.853333  3.7627426e-005
        4.88  0.0001194485
    4.906667  0.00033932155
    4.933333  0.00086418788
        4.96  0.0019779921
    4.986667  0.0040805428
    5.013333  0.0076149527
        5.04   0.012914301
    5.066667   0.020015535
    5.093333    0.02854596
        5.12   0.037774235
    5.146667   0.046822942
    5.173333   0.054942948
         5.2    0.06170518
    5.226667   0.067030322
    5.253333    0.07108939
        5.28   0.074159311
    5.306667   0.076509977
    5.333333   0.078352529
         5.4   0.081578614
    5.466667   0.083651743
    5.533333   0.085066816
         5.6   0.086061393
    5.666667   0.086761832
    5.733333   0.087241062
         5.8    0.08754521
    5.866667   0.087706209
    5.933333   0.087747938
           6   0.087689263
    6.066667   0.087545627
    6.133333   0.087329948
         6.2   0.087053155
    6.266667   0.086724569
    6.333333    0.08635217
         6.4   0.085942779
    6.466667   0.085502265
    6.533333   0.085035669
         6.6   0.084547298
    6.666667   0.084040868
         6.8   0.082986131
    6.933333   0.081891884
    7.066667   0.080773154
         7.2   0.079641006
    7.333333   0.078503528
    7.466667    0.07736663
         7.6   0.076234637
    7.733333   0.075110658
    7.866667   0.073996925
           8   0.072895043
    8.133333   0.071806117
    8.266667   0.070730898
         8.4     0.0696699
    8.533333   0.068623422
    8.666667   0.067591624
         8.8   0.066574584
    8.933333   0.065572284
    9.066667   0.064584649
         9.2   0.063611589
    9.333333   0.062652961
    10.66667   0.053822117
          12   0.046234647
    13.33333    0.03971674
    14.66667   0.034117649
          16   0.029307927
    17.33333   0.025176253
    18.66667   0.021627016
          20   0.018578156
    21.33333   0.015959108
    22.66667   0.013709263
          24   0.011776605
    25.33333   0.010116403
    26.66667   0.008690237
          28  0.0074651343
    29.33333  0.0064127399
    30.66667  0.0055087001
          32  0.0047321133
    33.33333  0.0040650055
    34.66667  0.0034919389
          36  0.0029996642
    49.33333  0.00065634346
    62.66667  0.00014361149
          76  3.1423005e-005
    89.33333  6.875531e-006
    102.6667  1.5043982e-006
         116  3.2917194e-007
    129.3333  7.2024924e-008
    142.6667  1.5759334e-008
         156  3.4482431e-009
    169.3333  7.5449765e-010
    182.6667  1.6508703e-010
         196  3.6122098e-011
    209.3333  7.903746e-012
    222.6667  1.7293704e-012
         236  3.7839731e-013
    249.3333  8.2795752e-014
    262.6667  1.8116033e-014
         276  3.963904e-015
    289.3333  8.6732753e-016
    302.6667  1.8977465e-016
    342.6667  1.9879858e-018
    382.6667  2.082516e-020
    422.6667  2.1815413e-022
    462.6667  2.2852752e-024
    502.6667  2.3939418e-026
    542.6667  2.5077756e-028
    582.6667  2.6270223e-030
    622.6667  2.7519392e-032
    662.6667  2.8827961e-034
    702.6667  3.0198752e-036
    742.6667  3.1634726e-038
    782.6667  3.3138982e-040
    822.6667  3.4714766e-042
    862.6667  3.636548e-044
    902.6667  3.8094686e-046
    942.6667  3.9906118e-048
    982.6667  4.1803685e-050
    1022.667  4.3789985e-052
    1062.667  4.5872232e-054
    1102.667  4.8053492e-056
    1142.667  5.0338473e-058
    1182.667  5.2732106e-060
    1222.667  5.5239558e-062
    1262.667  5.7866242e-064
    1302.667  6.0617826e-066
    1342.667  6.3500251e-068
    1382.667  6.6519736e-070
    1422.667  6.9682801e-072
    1462.667  7.2996272e-074
    1502.667  7.6467301e-076
    1542.667  8.010338e-078
    1582.667  8.3912357e-080
    1622.667  8.7902455e-082
    1662.667  9.2082284e-084
    1702.667  9.6460868e-086
    1742.667  1.0104766e-087
    1782.667  1.0585255e-089
    1822.667  1.1088592e-091
    1862.667  1.1615863e-093
    1902.667  1.2168206e-095
    1942.667  1.2746814e-097
    1982.667  1.3352935e-099
    2022.667  1.3987877e-101
