           0             0
  0.02666667             0
  0.05333333             0
        0.08             0
   0.1066667             0
   0.1333333             0
        0.16             0
   0.1866667             0
   0.2133333             0
        0.24             0
   0.2666667             0
   0.2933333             0
        0.32             0
   0.3466667             0
   0.3733333             0
         0.4             0
   0.4266667             0
   0.4533333             0
        0.48             0
   0.5066667             0
   0.5333333             0
        0.56             0
   0.5866667             0
   0.6133333             0
        0.64             0
   0.6666667             0
   0.6933333             0
        0.72             0
   0.7466667             0
   0.7733333             0
         0.8             0
   0.8266667             0
   0.8533333             0
        0.88             0
   0.9066667             0
   0.9333333             0
        0.96             0
   0.9866667             0
    1.013333             0
        1.04             0
    1.066667             0
    1.093333             0
        1.12             0
    1.146667             0
    1.173333             0
         1.2             0
    1.226667             0
    1.253333             0
        1.28             0
    1.306667             0
    1.333333             0
        1.36             0
    1.386667             0
    1.413333             0
        1.44             0
    1.466667             0
    1.493333             0
        1.52             0
    1.546667             0
    1.573333             0
         1.6             0
    1.626667             0
    1.653333             0
        1.68             0
    1.706667             0
    1.733333             0
        1.76             0
    1.786667             0
    1.813333             0
        1.84             0
    1.866667             0
    1.893333             0
        1.92             0
    1.946667             0
    1.973333             0
           2             0
    2.026667             0
    2.053333             0
        2.08             0
    2.106667             0
    2.133333             0
        2.16             0
    2.186667             0
    2.213333             0
        2.24             0
    2.266667             0
    2.293333             0
        2.32             0
    2.346667             0
    2.373333             0
         2.4             0
    2.426667             0
    2.453333             0
        2.48             0
    2.506667             0
    2.533333             0
        2.56             0
    2.586667             0
    2.613333             0
        2.64             0
    2.666667             0
    2.693333             0
        2.72             0
    2.746667             0
    2.773333             0
         2.8             0
    2.826667             0
    2.853333             0
        2.88             0
    2.906667             0
    2.933333             0
        2.96             0
    2.986667             0
    3.013333             0
        3.04             0
    3.066667             0
    3.093333             0
        3.12             0
    3.146667             0
    3.173333             0
         3.2             0
    3.226667             0
    3.253333             0
        3.28             0
    3.306667             0
    3.333333             0
        3.36             0
    3.386667             0
    3.413333             0
        3.44             0
    3.466667             0
    3.493333             0
        3.52             0
    3.546667             0
    3.573333             0
         3.6             0
    3.626667             0
    3.653333             0
        3.68             0
    3.706667             0
    3.733333             0
        3.76             0
    3.786667             0
    3.813333             0
        3.84             0
    3.866667             0
    3.893333             0
        3.92             0
    3.946667             0
    3.973333             0
           4             0
    4.026667             0
    4.053333             0
        4.08             0
    4.106667             0
    4.133333             0
        4.16             0
    4.186667             0
    4.213333             0
        4.24             0
    4.266667             0
    4.293333             0
        4.32             0
    4.346667             0
    4.373333             0
         4.4             0
    4.426667             0
    4.453333             0
        4.48  -9.8154867e-018
    4.506667  -1.1763663e-016
    4.533333  -1.2243707e-014
        4.56  -1.3043176e-013
    4.586667  -1.4474618e-012
    4.613333  -1.4603241e-011
        4.64  -1.3054161e-010
    4.666667  -1.0357557e-009
    4.693333  -7.2945266e-009
        4.72  -4.5619732e-008
    4.746667  -2.5341325e-007
    4.773333  -1.250726e-006
         4.8  -5.4877117e-006
    4.826667  -2.1414677e-005
    4.853333  -7.4364826e-005
        4.88  -0.00022999396
    4.906667  -0.00063404422
    4.933333  -0.0015596601
        4.96  -0.003428083
    4.986667  -0.0067434363
    5.013333  -0.011896102
        5.04  -0.018869819
    5.066667  -0.027001828
    5.093333  -0.035002979
        5.12  -0.041327757
    5.146667  -0.044745626
    5.173333  -0.044803664
         5.2   -0.04191743
    5.226667  -0.037082343
    5.253333  -0.031422778
        5.28  -0.025832497
    5.306667  -0.020833927
    5.333333  -0.016619324
         5.4  -0.0091929335
    5.466667  -0.0047314522
    5.533333  -0.0018435082
         5.6  0.00019176722
    5.666667  0.0017280736
    5.733333  0.0029442103
         5.8  0.0039357024
    5.866667  0.0047575699
    5.933333  0.0054445562
           6  0.0060207233
    6.066667  0.0065040192
    6.133333  0.0069086199
         6.2  0.0072461462
    6.266667   0.007526301
    6.333333  0.0077573035
         6.4  0.0079461717
    6.466667  0.0080989028
    6.533333  0.0082206421
         6.6  0.0083158127
    6.666667  0.0083882096
         6.8  0.0084772762
    6.933333  0.0085088271
    7.066667  0.0084983672
         7.2  0.0084573535
    7.333333  0.0083942495
    7.466667   0.008315305
         7.6  0.0082251357
    7.733333  0.0081271455
    7.866667  0.0080238439
           8  0.0079170815
    8.133333  0.0078082175
    8.266667  0.0076982501
         8.4  0.0075879127
    8.533333  0.0074777387
    8.666667  0.0073681159
         8.8  0.0072593267
    8.933333  0.0071515716
    9.066667  0.0070449921
         9.2  0.0069396891
    9.333333  0.0068357289
    10.66667  0.0058737581
          12  0.0050457903
    13.33333  0.0043344661
    14.66667  0.0037234124
          16  0.0031985058
    17.33333  0.0027475977
    18.66667  0.0023602535
          20  0.0020275177
    21.33333  0.0017416892
    22.66667  0.0014961535
          24  0.0012852339
    25.33333  0.0011040485
    26.66667  0.00094840463
          28  0.00081470365
    29.33333  0.00069985113
    30.66667  0.0006011892
          32  0.00051643679
    33.33333  0.00044363231
    34.66667  0.00038109099
          36  0.00032736684
    49.33333  7.1629712e-005
    62.66667  1.5672968e-005
          76  3.4293338e-006
    89.33333  7.503576e-007
    102.6667  1.6418173e-007
         116  3.5924013e-008
    129.3333  7.8604037e-009
    142.6667  1.719887e-009
         156  3.7632227e-010
    169.3333  8.234172e-011
    182.6667  1.8016689e-011
         196  3.9421669e-012
    209.3333  8.6257132e-013
    222.6667  1.8873397e-013
         236  4.1296199e-014
    249.3333  9.0358725e-015
    262.6667  1.9770841e-015
         276  4.3259865e-016
    289.3333  9.4655352e-017
    302.6667  2.071096e-017
    342.6667  2.1695782e-019
    382.6667  2.2727433e-021
    422.6667  2.380814e-023
    462.6667  2.4940236e-025
    502.6667  2.6126163e-027
    542.6667  2.7368482e-029
    582.6667  2.8669875e-031
    622.6667  3.003315e-033
    662.6667  3.1461249e-035
    702.6667  3.2957256e-037
    742.6667  3.4524398e-039
    782.6667  3.616606e-041
    822.6667  3.7885784e-043
    862.6667  3.9687282e-045
    902.6667  4.1574443e-047
    942.6667  4.355134e-049
    982.6667  4.562224e-051
    1022.667  4.7789978e-053
    1062.667  5.0062429e-055
    1102.667  5.2442936e-057
    1142.667  5.4936638e-059
    1182.667  5.7548917e-061
    1222.667  6.0285413e-063
    1262.667  6.315203e-065
    1302.667  6.6154958e-067
    1342.667  6.9300677e-069
    1382.667  7.2595978e-071
    1422.667  7.6047973e-073
    1462.667  7.9664112e-075
    1502.667  8.3452202e-077
    1542.667  8.7420419e-079
    1582.667  9.1577327e-081
    1622.667  9.5931899e-083
    1662.667  1.0049353e-084
    1702.667  1.0527208e-086
    1742.667  1.1027785e-088
    1782.667  1.1552165e-090
    1822.667  1.2101479e-092
    1862.667  1.2676913e-094
    1902.667  1.327971e-096
    1942.667  1.3911171e-098
    1982.667  1.4572658e-100
    2022.667  1.5265599e-102
