           0             0
  0.02666667             0
  0.05333333             0
        0.08             0
   0.1066667             0
   0.1333333             0
        0.16             0
   0.1866667             0
   0.2133333             0
        0.24             0
   0.2666667             0
   0.2933333             0
        0.32             0
   0.3466667             0
   0.3733333             0
         0.4             0
   0.4266667             0
   0.4533333             0
        0.48             0
   0.5066667             0
   0.5333333             0
        0.56             0
   0.5866667             0
   0.6133333             0
        0.64             0
   0.6666667             0
   0.6933333             0
        0.72             0
   0.7466667             0
   0.7733333             0
         0.8             0
   0.8266667             0
   0.8533333             0
        0.88             0
   0.9066667             0
   0.9333333             0
        0.96             0
   0.9866667             0
    1.013333             0
        1.04             0
    1.066667             0
    1.093333             0
        1.12             0
    1.146667             0
    1.173333             0
         1.2             0
    1.226667             0
    1.253333             0
        1.28             0
    1.306667             0
    1.333333             0
        1.36             0
    1.386667             0
    1.413333             0
        1.44             0
    1.466667             0
    1.493333             0
        1.52             0
    1.546667             0
    1.573333             0
         1.6             0
    1.626667             0
    1.653333             0
        1.68             0
    1.706667             0
    1.733333             0
        1.76             0
    1.786667             0
    1.813333             0
        1.84             0
    1.866667             0
    1.893333             0
        1.92             0
    1.946667             0
    1.973333             0
           2             0
    2.026667             0
    2.053333             0
        2.08             0
    2.106667             0
    2.133333             0
        2.16             0
    2.186667             0
    2.213333             0
        2.24             0
    2.266667             0
    2.293333             0
        2.32             0
    2.346667             0
    2.373333             0
         2.4             0
    2.426667             0
    2.453333             0
        2.48             0
    2.506667             0
    2.533333             0
        2.56             0
    2.586667             0
    2.613333             0
        2.64             0
    2.666667             0
    2.693333             0
        2.72             0
    2.746667             0
    2.773333             0
         2.8             0
    2.826667             0
    2.853333             0
        2.88             0
    2.906667             0
    2.933333             0
        2.96             0
    2.986667             0
    3.013333             0
        3.04             0
    3.066667             0
    3.093333             0
        3.12             0
    3.146667             0
    3.173333             0
         3.2             0
    3.226667             0
    3.253333             0
        3.28             0
    3.306667             0
    3.333333             0
        3.36             0
    3.386667             0
    3.413333             0
        3.44             0
    3.466667             0
    3.493333             0
        3.52             0
    3.546667             0
    3.573333             0
         3.6             0
    3.626667             0
    3.653333             0
        3.68             0
    3.706667             0
    3.733333             0
        3.76             0
    3.786667             0
    3.813333             0
        3.84             0
    3.866667             0
    3.893333             0
        3.92             0
    3.946667             0
    3.973333             0
           4             0
    4.026667             0
    4.053333             0
        4.08             0
    4.106667             0
    4.133333             0
        4.16             0
    4.186667             0
    4.213333             0
        4.24             0
    4.266667             0
    4.293333             0
        4.32             0
    4.346667             0
    4.373333             0
         4.4             0
    4.426667             0
    4.453333             0
        4.48  -6.5550786e-019
    4.506667  -8.699059e-018
    4.533333  1.8892238e-016
        4.56  1.6273701e-015
    4.586667  1.7382855e-014
    4.613333  1.748122e-013
        4.64  1.5533338e-012
    4.666667  1.2244992e-011
    4.693333  8.5615653e-011
        4.72  5.3110175e-010
    4.746667  2.923247e-009
    4.773333  1.4277797e-008
         4.8  6.1899768e-008
    4.826667  2.3822943e-007
    4.853333  8.1401264e-007
        4.88  2.4699894e-006
    4.906667  6.6558066e-006
    4.933333  1.5926529e-005
        4.96  3.3836151e-005
    4.986667  6.3781307e-005
    5.013333  0.00010652852
        5.04  0.00015722701
    5.066667  0.00020392249
    5.093333  0.00022973594
        5.12  0.00021887943
    5.146667  0.00016373455
    5.173333  6.8819874e-005
         5.2  -5.0864082e-005
    5.226667  -0.00017587017
    5.253333  -0.00028908506
        5.28  -0.00037988992
    5.306667  -0.00044467773
    5.333333  -0.00048497302
         5.4  -0.00050682191
    5.466667  -0.00046685665
    5.533333  -0.00040449615
         5.6  -0.0003379242
    5.666667  -0.00027474967
    5.733333  -0.00021775742
         5.8  -0.00016759347
    5.866667  -0.0001240045
    5.933333  -8.6395594e-005
           6  -5.4078574e-005
    6.066667  -2.6381927e-005
    6.133333  -2.6902608e-006
         6.2  1.7544126e-005
    6.266667  3.4799355e-005
    6.333333  4.9490464e-005
         6.4  6.1976707e-005
    6.466667  7.2567201e-005
    6.533333  8.1528205e-005
         6.6  8.9089218e-005
    6.666667  9.5447281e-005
         6.8  0.00010520911
    6.933333  0.00011190498
    7.066667  0.00011634167
         7.2  0.00011911558
    7.333333  0.00012066766
    7.466667  0.00012132381
         7.6  0.00012132489
    7.733333  0.00012084891
    7.866667  0.00012002736
           8  0.00011895738
    8.133333  0.00011771068
    8.266667  0.00011634016
         8.4  0.00011488487
    8.533333  0.00011337356
    8.666667  0.00011182738
         8.8  0.0001102619
    8.933333  0.00010868851
    9.066667  0.00010711553
         9.2  0.00010554904
    9.333333  0.00010399344
    10.66667  8.9421172e-005
          12  7.6819368e-005
    13.33333  6.5989998e-005
    14.66667  5.668703e-005
          16  4.8695599e-005
    17.33333  4.1830756e-005
    18.66667  3.593364e-005
          20  3.0867909e-005
    21.33333  2.6516318e-005
    22.66667  2.2778164e-005
          24  1.9567022e-005
    25.33333  1.6808568e-005
    26.66667  1.4438971e-005
          28  1.2403442e-005
    29.33333  1.0654872e-005
    30.66667  9.1527951e-006
          32  7.8624834e-006
    33.33333  6.7540729e-006
    34.66667  5.8019135e-006
          36  4.983991e-006
    49.33333  1.0905254e-006
    62.66667  2.3861284e-007
          76  5.2209836e-008
    89.33333  1.1423807e-008
    102.6667  2.4995821e-009
         116  5.4692454e-010
    129.3333  1.1967059e-010
    142.6667  2.6184391e-011
         156  5.7293122e-012
    169.3333  1.2536102e-012
    182.6667  2.7429479e-013
         196  6.0017454e-014
    209.3333  1.3132203e-014
    222.6667  2.8733772e-015
         236  6.2871331e-016
    249.3333  1.3756649e-016
    262.6667  3.0100085e-017
         276  6.5860911e-018
    289.3333  1.4410788e-018
    302.6667  3.1531367e-019
    342.6667  3.3030708e-021
    382.6667  3.4601344e-023
    422.6667  3.6246664e-025
    462.6667  3.7970221e-027
    502.6667  3.9775734e-029
    542.6667  4.1667101e-031
    582.6667  4.3648404e-033
    622.6667  4.5723919e-035
    662.6667  4.7898127e-037
    702.6667  5.0175719e-039
    742.6667  5.2561614e-041
    782.6667  5.5060959e-043
    822.6667  5.767915e-045
    862.6667  6.0421838e-047
    902.6667  6.3294943e-049
    942.6667  6.6304666e-051
    982.6667  6.9457504e-053
    1022.667  7.2757774e-055
    1062.667  7.6217462e-057
    1102.667  7.9841661e-059
    1142.667  8.3638194e-061
    1182.667  8.7615254e-063
    1222.667  9.1781427e-065
    1262.667  9.6145705e-067
    1302.667  1.0071751e-068
    1342.667  1.055067e-070
    1382.667  1.1052363e-072
    1422.667  1.1577911e-074
    1462.667  1.212845e-076
    1502.667  1.2705167e-078
    1542.667  1.3309307e-080
    1582.667  1.3942175e-082
    1622.667  1.4605136e-084
    1662.667  1.5299622e-086
    1702.667  1.602713e-088
    1742.667  1.6789233e-090
    1782.667  1.7587574e-092
    1822.667  1.8423877e-094
    1862.667  1.9299946e-096
    1902.667  2.0217673e-098
    1942.667  2.1179039e-100
    1982.667  2.2186119e-102
    2022.667  2.3241086e-104
