           0   0.002443483
  0.02666667   0.002523838
  0.05333333   0.002450081
        0.08   0.002716641
   0.1066667    0.00295269
   0.1333333    0.00295269
        0.16    0.00295469
   0.1866667   0.002955103
   0.2133333   0.002956514
        0.24   0.002969486
   0.2666667   0.003013813
   0.2933333   0.003013541
        0.32   0.002987244
   0.3466667   0.002972422
   0.3733333   0.002966573
         0.4   0.002933166
   0.4266667   0.002926235
   0.4533333   0.002929136
        0.48   0.002930639
   0.5066667   0.002932328
   0.5333333   0.002903978
        0.56   0.002926073
   0.5866667   0.002951174
   0.6133333   0.002960271
        0.64   0.002965757
   0.6666667   0.002922021
   0.6933333   0.002898432
        0.72   0.002891781
   0.7466667    0.00286054
   0.7733333   0.002859409
         0.8   0.002878329
   0.8266667   0.002854479
   0.8533333   0.002833838
        0.88   0.002859237
   0.9066667   0.002898169
   0.9333333   0.002953594
        0.96   0.002911398
   0.9866667   0.002869804
    1.013333   0.002846078
        1.04   0.002829791
    1.066667   0.002816781
    1.093333    0.00281597
        1.12   0.002801128
    1.146667   0.002769924
    1.173333   0.002752702
         1.2   0.002761694
    1.226667   0.002820472
    1.253333   0.002889879
        1.28   0.002893422
    1.306667   0.002857086
    1.333333   0.002830951
        1.36    0.00287933
    1.386667   0.002899705
    1.413333   0.002927614
        1.44   0.002912888
    1.466667   0.002877102
    1.493333   0.002862738
        1.52   0.002884938
    1.546667    0.00288778
    1.573333   0.002826953
         1.6   0.002798713
    1.626667   0.002774745
    1.653333   0.002761979
        1.68   0.002767985
    1.706667   0.002788759
    1.733333   0.002826945
        1.76   0.002837623
    1.786667   0.002819773
    1.813333    0.00280013
        1.84   0.002823344
    1.866667   0.002835353
    1.893333   0.002780728
        1.92    0.00278312
    1.946667   0.002744116
    1.973333   0.002753777
           2   0.002774353
    2.026667   0.002790724
    2.053333   0.002821243
        2.08    0.00284766
    2.106667   0.002828011
    2.133333   0.002767915
        2.16   0.002780841
    2.186667   0.002809523
    2.213333   0.002807668
        2.24   0.002750309
    2.266667   0.002716767
    2.293333   0.002741488
        2.32   0.002711074
    2.346667   0.002705744
    2.373333   0.002657318
         2.4   0.002637197
    2.426667   0.002641194
    2.453333   0.002649727
        2.48   0.002579511
    2.506667   0.002537046
    2.533333   0.002580016
        2.56   0.002637587
    2.586667   0.002633231
    2.613333   0.002563622
        2.64    0.00250065
    2.666667    0.00252792
    2.693333   0.002559288
        2.72   0.002600457
    2.746667   0.002576763
    2.773333   0.002559804
         2.8   0.002630025
    2.826667    0.00263343
    2.853333   0.002634899
        2.88   0.002656506
    2.906667   0.002654301
    2.933333   0.002618824
        2.96   0.002614483
    2.986667   0.002618513
    3.013333   0.002623712
        3.04   0.002626447
    3.066667   0.002602603
    3.093333   0.002533459
        3.12   0.002524078
    3.146667   0.002526751
    3.173333   0.002469049
         3.2   0.002403194
    3.226667   0.002517758
    3.253333   0.002560328
        3.28    0.00253098
    3.306667   0.002499148
    3.333333   0.002529936
        3.36   0.002549993
    3.386667    0.00248698
    3.413333   0.002474953
        3.44   0.002441156
    3.466667    0.00242245
    3.493333    0.00240451
        3.52   0.002468251
    3.546667    0.00251925
    3.573333   0.002527519
         3.6   0.002502524
    3.626667   0.002481405
    3.653333   0.002513674
        3.68   0.002445633
    3.706667   0.002350939
    3.733333   0.002362602
        3.76   0.002369295
    3.786667   0.002366011
    3.813333   0.002347476
        3.84   0.002338112
    3.866667   0.002393903
    3.893333   0.002321079
        3.92   0.002260655
    3.946667    0.00225604
    3.973333   0.002323534
           4   0.002396152
    4.026667   0.002420022
    4.053333   0.002322283
        4.08   0.002133422
    4.106667   0.002082005
    4.133333   0.001973479
        4.16   0.001993806
    4.186667   0.001980139
    4.213333   0.001915387
        4.24   0.002018282
    4.266667   0.002123095
    4.293333   0.002201405
        4.32   0.002117535
    4.346667   0.001917907
    4.373333   0.001937848
         4.4   0.002011272
    4.426667   0.001981177
    4.453333   0.001776783
        4.48   0.001732211
    4.506667   0.001524231
    4.533333   0.001293764
        4.56   0.001274636
    4.586667   0.001093108
    4.613333   0.001089311
        4.64   0.001264454
    4.666667   0.001311498
    4.693333  0.0012344599
        4.72  0.0011766815
    4.746667  0.0010594001
    4.773333  0.00091445632
         4.8  0.0011316071
    4.826667  0.0012796528
    4.853333   0.001327781
        4.88   0.001156692
    4.906667  0.0010911642
    4.933333  0.0012121425
        4.96  0.0010538608
    4.986667  0.00058201819
    5.013333  0.00032991628
        5.04  0.00037912079
    5.066667  0.00030310091
    5.093333  -0.00015626192
        5.12  -0.00052395013
    5.146667  -0.00073737755
    5.173333  -4.8605234e-005
         5.2  0.00032478448
    5.226667  0.00092408327
    5.253333  0.00064870856
        5.28  -0.00034227818
    5.306667  -0.00094316727
    5.333333  -0.00089818498
         5.4  0.00058897452
    5.466667  -0.00017059815
    5.533333  -0.00042472515
         5.6   0.000692213
    5.666667  9.2811668e-005
    5.733333  0.00039962982
         5.8  0.0014453665
    5.866667  0.0005939913
    5.933333  0.00032240259
           6  -0.00083373883
    6.066667  -0.0011639521
    6.133333  -0.00050445284
         6.2  -7.5607746e-005
    6.266667  1.2543105e-005
    6.333333  -0.00038053946
         6.4  7.6903193e-005
    6.466667  -0.00011936527
    6.533333  7.7339495e-005
         6.6  0.00012327488
    6.666667  6.6065019e-005
         6.8  -0.00045818931
    6.933333  -0.00040521398
    7.066667  -6.5684904e-005
         7.2  -0.0010639562
    7.333333  -7.9055728e-005
    7.466667  0.00034218719
         7.6  0.00050819961
    7.733333  0.00021107219
    7.866667  0.00061815284
           8  -0.00024442458
    8.133333  0.00019352892
    8.266667  -0.00015432875
         8.4  -0.00022797577
    8.533333  -0.0010691357
    8.666667  -0.00046303908
         8.8  -8.5171112e-005
    8.933333  0.0010074705
    9.066667  -0.00018689959
         9.2  -0.00082342694
    9.333333  0.00074512806
    10.66667  0.00025679403
          12  -0.00011717782
    13.33333  9.0007502e-005
    14.66667   0.001177812
          16  0.0006346511
    17.33333  0.00062525834
    18.66667  0.00092936006
          20  0.00075197099
    21.33333  0.00033108128
    22.66667  -0.00057711666
          24  -0.00087238532
    25.33333  -0.00027534257
    26.66667  0.00094251073
          28  0.00071386756
    29.33333  0.00091196523
    30.66667  0.0009339504
          32  0.00083206622
    33.33333  0.0014213979
    34.66667  0.0014196391
          36  0.00085160701
    49.33333  -1.1804415e-005
    62.66667  -0.00059329211
          76  -0.00056818581
    89.33333  0.00011812518
    102.6667  0.0004977246
         116  0.00080544845
    129.3333  0.00096298268
    142.6667  0.00091054197
         156  0.00076076419
    169.3333   0.001129754
    182.6667   0.001628711
         196   0.001851221
    209.3333   0.001253618
    222.6667  0.0007653857
         236   0.001111926
    249.3333   0.001391116
    262.6667   0.001485846
         276   0.001110848
    289.3333  0.0009006874
    302.6667  0.0006279976
    342.6667  0.0003138041
    382.6667  0.0009674951
    422.6667  0.0006778558
    462.6667  0.0001855474
    502.6667  0.0005545348
    542.6667  0.0007616773
    582.6667  0.0006987805
    622.6667  0.0006952664
    662.6667  0.0009477729
    702.6667    0.00114288
    742.6667   0.001387581
    782.6667   0.001374393
    822.6667   0.001346684
    862.6667   0.001307199
    902.6667   0.001377518
    942.6667  0.0008891562
    982.6667   0.000132846
    1022.667  0.0006467387
    1062.667   0.001082859
    1102.667    0.00136413
    1142.667   0.001613846
    1182.667    0.00196045
    1222.667   0.001685157
    1262.667   0.001828497
    1302.667   0.001913734
    1342.667   0.001658313
    1382.667   0.000894726
    1422.667  7.572446e-005
    1462.667  3.155083e-005
    1502.667   0.000180045
    1542.667  0.0001305271
    1582.667  4.08082e-005
    1622.667  2.600051e-005
    1662.667  0.0001705237
    1702.667  -4.348148e-005
    1742.667  0.0003960553
    1782.667  0.0005708254
    1822.667  0.0004077771
    1862.667  0.0005004023
    1902.667  0.0002636022
    1942.667  8.601551e-005
    1982.667  -0.0002400671
    2022.667  -0.0003026518
