               0   -0.0001263871
      0.02666667   -0.0001669139
      0.05333333   -0.0001612921
            0.08   -0.0001617427
       0.1066667   -0.0001694524
       0.1333333   -0.0001694524
            0.16    -0.000169149
       0.1866667    -0.000167211
       0.2133333   -0.0001668844
            0.24   -0.0001672944
       0.2666667   -0.0001611134
       0.2933333   -0.0001661783
            0.32   -0.0001723105
       0.3466667   -0.0001693072
       0.3733333   -0.0001692477
             0.4   -0.0001652833
       0.4266667    -0.000163116
       0.4533333   -0.0001687265
            0.48   -0.0001729115
       0.5066667    -0.000181984
       0.5333333   -0.0001808024
            0.56   -0.0001669343
       0.5866667   -0.0001605474
       0.6133333   -0.0001584253
            0.64   -0.0001601217
       0.6666667   -0.0001505808
       0.6933333   -0.0001435705
            0.72   -0.0001485127
       0.7466667   -0.0001617867
       0.7733333   -0.0001721985
             0.8    -0.000176665
       0.8266667   -0.0001746782
       0.8533333   -0.0001584411
            0.88   -0.0001501725
       0.9066667   -0.0001600027
       0.9333333   -0.0001643382
            0.96   -0.0001669746
       0.9866667   -0.0001656556
        1.013333   -0.0001569223
            1.04   -0.0001575357
        1.066667   -0.0001477631
        1.093333   -0.0001379971
            1.12   -0.0001381472
        1.146667    -9.2936e-005
        1.173333  -9.838461e-005
             1.2   -0.0001041652
        1.226667  -5.004284e-005
        1.253333  -7.334652e-005
            1.28   -0.0001378508
        1.306667   -0.0001800304
        1.333333   -0.0001812665
            1.36   -0.0001270247
        1.386667   -0.0001584797
        1.413333   -0.0001320772
            1.44   -0.0001141147
        1.466667   -0.0001419729
        1.493333   -0.0001715192
            1.52   -0.0001423859
        1.546667   -0.0001589152
        1.573333    -0.000143779
             1.6    -9.1213e-005
        1.626667  -9.124755e-005
        1.653333   -0.0001645652
            1.68   -0.0002103813
        1.706667   -0.0002561012
        1.733333   -0.0001991223
            1.76   -0.0001275063
        1.786667   -0.0001058441
        1.813333  -6.333172e-005
            1.84  -1.635391e-005
        1.866667  -5.241226e-005
        1.893333   3.140845e-005
            1.92  -3.291328e-005
        1.946667   -0.0001658216
        1.973333   -0.0002294317
               2   -0.0002197352
        2.026667   -0.0002148561
        2.053333   -0.0001548368
            2.08   -7.35787e-005
        2.106667  -6.549403e-005
        2.133333   -0.0001568295
            2.16   -0.0001208717
        2.186667  -7.073519e-006
        2.213333  -3.607102e-005
            2.24   -7.11476e-006
        2.266667   5.053149e-005
        2.293333   2.434405e-006
            2.32   3.312569e-005
        2.346667  -1.893894e-005
        2.373333   -0.0001150256
             2.4  -7.191625e-005
        2.426667  -8.068697e-005
        2.453333   -0.0001355022
            2.48   -0.0001820582
        2.506667   -0.0001802763
        2.533333   -0.0002469151
            2.56   -0.0002084974
        2.586667    -0.000162281
        2.613333   -0.0002037723
            2.64   -0.0001569775
        2.666667   -0.0001428305
        2.693333   -0.0001275473
            2.72  -9.024926e-005
        2.746667  -2.092399e-005
        2.773333   1.270807e-005
             2.8   1.889691e-005
        2.826667  -4.279491e-005
        2.853333  -4.993599e-005
            2.88   5.841357e-005
        2.906667  -7.858975e-006
        2.933333   -0.0001369131
            2.96   -0.0003232993
        2.986667   -0.0003483016
        3.013333   -0.0002815226
            3.04   -0.0001701704
        3.066667  -4.853271e-005
        3.093333  -6.394919e-005
            3.12   -0.0002000211
        3.146667   -0.0003821036
        3.173333   -0.0004103987
             3.2   -0.0003504393
        3.226667   -0.0002680092
        3.253333    -0.000219087
            3.28  -7.550773e-005
        3.306667  -6.592611e-005
        3.333333  -7.920751e-005
            3.36   4.141234e-005
        3.386667    0.0002205324
        3.413333    0.0003100981
            3.44    0.0001967542
        3.466667   3.221717e-006
        3.493333  -8.663617e-005
            3.52   -0.0001853107
        3.546667   -0.0002729606
        3.573333    -0.000271902
             3.6  -4.980139e-005
        3.626667    0.0001149791
        3.653333    0.0002475346
            3.68    0.0002836956
        3.706667     0.000386926
        3.733333    0.0004401961
            3.76    0.0004214325
        3.786667    0.0001302322
        3.813333   4.214105e-005
            3.84  -8.466044e-006
        3.866667  -9.012234e-005
        3.893333  -7.721309e-005
            3.92  -2.380408e-005
        3.946667   2.739809e-005
        3.973333   8.982429e-005
               4    0.0001006351
        4.026667   -6.91954e-005
        4.053333   -0.0001388062
            4.08   1.203496e-005
        4.106667   4.787132e-005
        4.133333  -3.112747e-005
            4.16  -8.839368e-005
        4.186667  -7.354139e-006
        4.213333   4.449422e-005
            4.24  -1.686214e-005
        4.266667   -0.0001257575
        4.293333   7.234533e-005
            4.32    0.0001632488
        4.346667   9.838713e-006
        4.373333   -0.0002062178
             4.4  -4.551938e-006
        4.426667    0.0001778476
        4.453333   -0.0001366077
            4.48   -0.0001530878
        4.506667   1.003479e-005
        4.533333   3.103713e-005
            4.56  -5.625991e-005
        4.586667   -0.0001331678
        4.613333   -0.0002369528
            4.64   -0.0001995798
        4.666667  -9.846461e-005
        4.693333   3.167348e-005
            4.72  -2.615251e-005
        4.746667   -0.0002020219
        4.773333  -8.030523e-005
             4.8  -3.392825e-005
        4.826667   -0.0001452193
        4.853333   -0.0005279722
            4.88   -0.0007609157
        4.906667    -0.001169882
        4.933333    -0.001861932
            4.96    -0.003054496
        4.986667    -0.005334058
        5.013333     -0.01016765
            5.04     -0.01747238
        5.066667     -0.02658633
        5.093333     -0.03556902
            5.12     -0.04277691
        5.146667     -0.04600141
        5.173333     -0.04508862
             5.2     -0.04119507
        5.226667     -0.03590118
        5.253333     -0.03053544
            5.28     -0.02557189
        5.306667     -0.02121833
        5.333333     -0.01725766
             5.4     -0.01019354
        5.466667    -0.005105148
        5.533333     -0.00185947
             5.6    0.0002347321
        5.666667     0.001787541
        5.733333     0.003169708
             5.8     0.004161048
        5.866667     0.005150446
        5.933333      0.00573156
               6     0.006663005
        6.066667     0.006631955
        6.133333     0.006816456
             6.2      0.00733619
        6.266667     0.007743788
        6.333333     0.007487814
             6.4      0.00760552
        6.466667     0.007891158
        6.533333     0.008557891
             6.6     0.009130855
        6.666667      0.00959929
             6.8     0.009799107
        6.933333     0.008925545
        7.066667     0.007926299
             7.2     0.007930393
        7.333333     0.007088628
        7.466667     0.007556181
             7.6     0.008808559
        7.733333     0.008721415
        7.866667     0.008671955
               8     0.008454144
        8.133333     0.008986322
        8.266667     0.009468906
             8.4     0.009287238
        8.533333     0.008513554
        8.666667     0.007581923
             8.8     0.007251597
        8.933333     0.006523529
        9.066667     0.005563553
             9.2     0.005124775
        9.333333     0.004837532
        10.66667     0.002743336
              12     0.002161418
        13.33333     0.003354225
        14.66667     0.003908148
              16     0.004354506
        17.33333     0.003346125
        18.66667     0.003027216
              20    0.0008327944
        21.33333    0.0008713684
        22.66667    0.0008218721
              24    0.0004374262
        25.33333    0.0003354894
        26.66667    0.0005431655
              28    0.0007468529
        29.33333    0.0004571235
        30.66667    0.0005364261
              32    0.0003635172
        33.33333    0.0002099754
        34.66667    0.0002705737
              36    0.0003096354
        49.33333    0.0001703455
        62.66667    0.0002695385
              76    0.0003782192
        89.33333    0.0003070227
        102.6667   7.174185e-005
             116  -9.367449e-005
        129.3333  -7.097073e-005
        142.6667    0.0001020755
             156  -1.282548e-005
        169.3333  -3.140303e-005
        182.6667   9.103648e-005
             196    0.0001565668
        209.3333    0.0003775603
        222.6667    0.0006695002
             236    0.0005491484
        249.3333    0.0006702181
        262.6667     0.000556375
             276    4.17393e-005
        289.3333   -0.0002370677
        302.6667   -0.0001980131
        342.6667  -5.237206e-005
        382.6667    0.0001616567
        422.6667    0.0002677015
        462.6667    0.0002046385
        502.6667    0.0004213786
        542.6667    0.0004659401
        582.6667    0.0004049905
        622.6667    0.0002837277
        662.6667   1.463183e-005
        702.6667  -4.114342e-005
        742.6667   -0.0002050437
        782.6667   -0.0002057988
        822.6667  -6.233864e-005
        862.6667    0.0001761554
        902.6667    0.0001787775
        942.6667   7.821291e-005
        982.6667    0.0003357307
        1022.667    0.0003141775
        1062.667    0.0002376496
        1102.667    0.0004130163
        1142.667    0.0004446538
        1182.667     0.000498293
        1222.667    0.0002280112
        1262.667   1.873979e-005
        1302.667  -2.710171e-005
        1342.667   -0.0002158981
        1382.667  -2.735048e-005
        1422.667   -5.10843e-005
        1462.667   -0.0001516821
        1502.667   -0.0001949068
        1542.667   -9.03103e-005
        1582.667   1.068783e-005
        1622.667   9.227049e-005
        1662.667  -4.948894e-005
        1702.667    0.0001194129
        1742.667    0.0001630842
        1782.667   9.395886e-005
        1822.667   8.240275e-005
        1862.667    0.0001366872
        1902.667  -2.897934e-005
        1942.667  -5.011721e-005
        1982.667   7.043267e-005
        2022.667   4.721025e-005
