0.000000000000000
0.026666666666667
0.053333333333333
0.080000000000000
0.106666666666667
0.133333333333333
0.160000000000000
0.186666666666667
0.213333333333333
0.240000000000000
0.266666666666667
0.293333333333333
0.320000000000000
0.346666666666667
0.373333333333333
0.400000000000000
0.426666666666667
0.453333333333333
0.480000000000000
0.506666666666667
0.533333333333333
0.560000000000000
0.586666666666667
0.613333333333333
0.640000000000000
0.666666666666667
0.693333333333333
0.720000000000000
0.746666666666667
0.773333333333333
0.800000000000000
0.826666666666667
0.853333333333333
0.880000000000000
0.906666666666667
0.933333333333333
0.960000000000000
0.986666666666667
1.013333333333333
1.040000000000000
1.066666666666667
1.093333333333333
1.120000000000000
1.146666666666667
1.173333333333333
1.200000000000000
1.226666666666667
1.253333333333333
1.280000000000000
1.306666666666667
1.333333333333333
1.360000000000000
1.386666666666667
1.413333333333333
1.440000000000000
1.466666666666667
1.493333333333333
1.520000000000000
1.546666666666667
1.573333333333333
1.600000000000000
1.626666666666667
1.653333333333333
1.680000000000000
1.706666666666667
1.733333333333333
1.760000000000000
1.786666666666667
1.813333333333333
1.840000000000000
1.866666666666667
1.893333333333333
1.920000000000000
1.946666666666667
1.973333333333333
2.000000000000000
2.026666666666667
2.053333333333333
2.080000000000000
2.106666666666666
2.133333333333333
2.160000000000000
2.186666666666667
2.213333333333333
2.240000000000000
2.266666666666667
2.293333333333333
2.320000000000000
2.346666666666667
2.373333333333334
2.400000000000000
2.426666666666667
2.453333333333333
2.480000000000000
2.506666666666667
2.533333333333333
2.560000000000000
2.586666666666666
2.613333333333333
2.640000000000000
2.666666666666667
2.693333333333333
2.720000000000000
2.746666666666667
2.773333333333333
2.800000000000000
2.826666666666667
2.853333333333333
2.880000000000000
2.906666666666667
2.933333333333333
2.960000000000000
2.986666666666667
3.013333333333333
3.040000000000000
3.066666666666667
3.093333333333333
3.120000000000000
3.146666666666666
3.173333333333333
3.200000000000000
3.226666666666667
3.253333333333333
3.280000000000000
3.306666666666667
3.333333333333333
3.360000000000000
3.386666666666667
3.413333333333334
3.440000000000000
3.466666666666667
3.493333333333333
3.520000000000000
3.546666666666667
3.573333333333333
3.600000000000000
3.626666666666666
3.653333333333333
3.680000000000000
3.706666666666667
3.733333333333333
3.760000000000000
3.786666666666667
3.813333333333333
3.840000000000000
3.866666666666667
3.893333333333334
3.920000000000000
3.946666666666667
3.973333333333333
4.000000000000000
4.026666666666666
4.053333333333334
4.080000000000000
4.106666666666666
4.133333333333334
4.160000000000000
4.186666666666667
4.213333333333333
4.240000000000000
4.266666666666667
4.293333333333333
4.320000000000000
4.346666666666667
4.373333333333333
4.400000000000000
4.426666666666667
4.453333333333333
4.480000000000000
4.506666666666667
4.533333333333333
4.560000000000000
4.586666666666667
4.613333333333333
4.640000000000000
4.666666666666667
4.693333333333333
4.720000000000000
4.746666666666667
4.773333333333333
4.800000000000000
4.826666666666667
4.853333333333333
4.880000000000000
4.906666666666666
4.933333333333334
4.960000000000000
4.986666666666666
5.013333333333334
5.040000000000000
5.066666666666666
5.093333333333334
5.120000000000000
5.146666666666666
5.173333333333333
5.200000000000000
5.226666666666667
5.253333333333333
5.280000000000000
5.306666666666667
5.333333333333333
5.400000000000000
5.466666666666667
5.533333333333333
5.600000000000000
5.666666666666667
5.733333333333333
5.800000000000000
5.866666666666666
5.933333333333334
6.000000000000000
6.066666666666666
6.133333333333334
6.200000000000000
6.266666666666667
6.333333333333333
6.400000000000000
6.466666666666667
6.533333333333333
6.600000000000000
6.666666666666667
6.800000000000000
6.933333333333334
7.066666666666666
7.200000000000000
7.333333333333333
7.466666666666667
7.600000000000000
7.733333333333333
7.866666666666666
8.000000000000000
8.133333333333333
8.266666666666667
8.400000000000000
8.533333333333333
8.666666666666666
8.800000000000001
8.933333333333334
9.066666666666666
9.199999999999999
9.333333333333334
10.666666666666666
12.000000000000000
13.333333333333334
14.666666666666666
16.000000000000000
17.333333333333332
18.666666666666668
20.000000000000000
21.333333333333332
22.666666666666668
24.000000000000000
25.333333333333332
26.666666666666668
28.000000000000000
29.333333333333332
30.666666666666668
32.000000000000000
33.333333333333336
34.666666666666664
36.000000000000000
49.333333333333336
62.666666666666664
76.000000000000000
89.333333333333329
102.666666666666671
116.000000000000000
129.333333333333343
142.666666666666657
156.000000000000000
169.333333333333343
182.666666666666657
196.000000000000000
209.333333333333343
222.666666666666657
236.000000000000000
249.333333333333343
262.666666666666685
276.000000000000000
289.333333333333314
302.666666666666685
342.666666666666685
382.666666666666685
422.666666666666685
462.666666666666685
502.666666666666685
542.666666666666628
582.666666666666628
622.666666666666628
662.666666666666628
702.666666666666628
742.666666666666628
782.666666666666628
822.666666666666628
862.666666666666628
902.666666666666628
942.666666666666628
982.666666666666628
1022.666666666666630
1062.666666666666740
1102.666666666666740
1142.666666666666740
1182.666666666666740
1222.666666666666740
1262.666666666666740
1302.666666666666740
1342.666666666666740
1382.666666666666740
1422.666666666666740
1462.666666666666740
1502.666666666666740
1542.666666666666740
1582.666666666666740
1622.666666666666740
1662.666666666666740
1702.666666666666740
1742.666666666666740
1782.666666666666740
1822.666666666666740
1862.666666666666740
1902.666666666666740
1942.666666666666740
1982.666666666666740
2022.666666666666740