385	
385.6	
386.1	
386.7	
387.2	
387.8	
388.3	
388.9	
389.4	
389.9	
390.5	
391	
391.6	
392.1	
392.7	
393.2	
393.8	
394.3	
394.8	
395.4	
395.9	
396.5	
397	
397.6	
398.1	
398.7	
399.2	
399.8	
400.3	
400.8	
401.4	
401.9	
402.5	
403	
403.6	
404.1	
404.7	
405.2	
405.8	
406.3	
406.8	
407.4	
407.9	
408.5	
409	
409.6	
410.1	
410.7	
411.2	
411.8	
412.3	
412.9	
413.4	
413.9	
414.5	
415	
415.6	
416.1	
416.7	
417.2	
417.8	
418.3	
418.9	
419.4	
420	
420.5	
421	
421.6	
422.1	
422.7	
423.2	
423.8	
424.3	
424.9	
425.4	
426	
426.5	
427.1	
427.6	
428.2	
428.7	
429.3	
429.8	
430.3	
430.9	
431.4	
432	
432.5	
433.1	
433.6	
434.2	
434.7	
435.3	
435.8	
436.4	
436.9	
437.5	
438	
438.6	
439.1	
439.7	
440.2	
440.7	
441.3	
441.8	
442.4	
442.9	
443.5	
444	
444.6	
445.1	
445.7	
446.2	
446.8	
447.3	
447.9	
463.2	
463.8	
464.3	
464.9	
465.4	
466	
466.5	
467.1	
467.6	
468.2	
468.7	
469.3	
469.8	
470.4	
470.9	
471.5	
472	
472.6	
473.1	
473.7	
474.2	
474.8	
475.3	
475.9	
476.4	
477	
477.5	
478.1	
478.6	
479.2	
479.7	
480.3	
480.8	
481.4	
481.9	
482.5	
483	
483.6	
484.2	
484.7	
485.3	
485.8	
486.4	
486.9	
487.5	
488	
488.6	
489.1	
489.7	
490.2	
490.8	
491.3	
491.9	
492.4	
493	
493.5	
494.1	
494.6	
495.2	
495.7	
496.3	
496.8	
497.4	
497.9	
498.5	
499	
499.6	
500.1	
500.7	
501.2	
501.8	
502.3	
502.9	
503.5	
504	
504.6	
505.1	
505.7	
506.2	
506.8	
507.3	
507.9	
508.4	
509	
509.5	
510.1	
510.6	
511.2	
511.7	
512.3	
512.8	
513.4	
513.9	
514.5	
515.1	
515.6	
516.2	
516.7	
517.3	
517.8	
518.4	
518.9	
519.5	
520	
520.6	
521.1	
521.7	
522.2	
522.8	
523.3	
523.9	
524.5	
525	
525.6	
526.1	
526.7	
527.2	
527.8	
528.3	
528.9	
529.4	
530	
530.5	
531.1	
531.7	
532.2	
532.8	
533.3	
533.9	
534.4	
535	
535.5	
536.1	
536.6	
537.2	
537.7	
538.3	
538.9	
539.4	
540	
540.5	
541.1	
541.6	
542.2	
542.7	
543.3	
543.8	
544.4	
545	
545.5	
546.1	
546.6	
547.2	
547.7	
548.3	
548.8	
549.4	
550	
550.5	
551.1	
551.6	
552.2	
552.7	
553.3	
553.8	
554.4	
554.9	
555.5	
556.1	
556.6	
557.2	
557.7	
558.3	
558.8	
559.4	
560	
560.5	
561.1	
561.6	
562.2	
562.7	
563.3	
563.8	
564.4	
565	
565.5	
566.1	
566.6	
567.2	
567.7	
568.3	
568.8	
569.4	
570	
570.5	
571.1	
571.6	
572.2	
572.7	
573.3	
573.9	
574.4	
575	
575.5	
576.1	
576.6	
577.2	
577.8	
578.3	
578.9	
579.4	
580	
580.5	
581.1	
581.7	
582.2	
582.8	
583.3	
583.9	
584.4	
585	
585.6	
586.1	
586.7	
587.2	
587.8	
588.3	
588.9	
589.5	
590	
590.6	
591.1	
591.7	
592.2	
592.8	
593.4	
593.9	
594.5	
595	
595.6	
596.2	
596.7	
597.3	
597.8	
598.4	
598.9	
599.5	
600.1	
600.6	
601.2	
601.7	
602.3	
602.9	
603.4	
604	
604.5	
605.1	
605.6	
606.2	
606.8	
607.3	
607.9	
608.4	
609	
609.6	
610.1	
610.7	
611.2	
611.8	
612.4	
612.9	
613.5	
614	
614.6	
615.1	
615.7	
616.3	
616.8	
617.4	
617.9	
618.5	
619.1	
619.6	
620.2	
620.7	
621.3	
621.9	
622.4	
623	
623.5	
624.1	
624.7	
625.2	
625.8	
626.3	
626.9	
627.5	
628	
628.6	
629.1	
629.7	
630.3	
630.8	
631.4	
631.9	
632.5	
633.1	
633.6	
634.2	
634.7	
635.3	
635.9	
636.4	
637	
637.6	
638.1	
638.7	
639.2	
639.8	
640.4	
