3.843899999999999864e+02,6.508236080710136093e+02
3.846700000000000159e+02,6.315972667528210422e+02
3.849399999999999977e+02,6.290546525708822401e+02
3.852099999999999795e+02,6.222976240046838257e+02
3.854800000000000182e+02,6.208848552388411690e+02
3.857599999999999909e+02,6.109393495879783131e+02
3.860299999999999727e+02,6.044846111079641560e+02
3.863000000000000114e+02,5.981323274656480180e+02
3.865699999999999932e+02,5.958930497095387864e+02
3.868399999999999750e+02,5.847336407703973009e+02
3.871200000000000045e+02,5.784638753468304913e+02
3.873899999999999864e+02,5.734855867680468009e+02
3.876600000000000250e+02,5.676171633570459107e+02
3.879300000000000068e+02,5.589819942772967352e+02
3.882099999999999795e+02,5.568818307988542529e+02
3.884800000000000182e+02,5.540700537421662375e+02
3.887500000000000000e+02,5.466697297002513096e+02
3.890199999999999818e+02,5.457891681591252109e+02
3.893000000000000114e+02,5.320312201504947325e+02
3.895699999999999932e+02,5.276753069366943691e+02
3.898399999999999750e+02,5.251535651371699487e+02
3.901100000000000136e+02,5.252912295802502740e+02
3.903799999999999955e+02,5.097437729873028047e+02
3.906600000000000250e+02,5.106567537478255758e+02
3.909300000000000068e+02,5.023276770668188647e+02
3.911999999999999886e+02,4.983581650243780814e+02
3.914700000000000273e+02,4.919316468668160951e+02
3.917500000000000000e+02,4.829484013446585777e+02
3.920199999999999818e+02,4.874126870532817861e+02
3.922900000000000205e+02,4.812046233377553222e+02
3.925600000000000023e+02,4.742860761179950373e+02
3.928399999999999750e+02,4.728960852714346288e+02
3.931100000000000136e+02,4.669326117294223764e+02
3.933799999999999955e+02,4.634072735255650173e+02
3.936499999999999773e+02,4.576000785086134215e+02
3.939300000000000068e+02,4.563356788896246599e+02
3.941999999999999886e+02,4.514220707521334361e+02
3.944700000000000273e+02,4.488416542702021843e+02
3.947400000000000091e+02,4.425514752805467538e+02
3.950199999999999818e+02,4.391729583317983270e+02
3.952900000000000205e+02,4.352484435105109810e+02
3.955600000000000023e+02,4.313761717922720891e+02
3.958299999999999841e+02,4.289972171115266519e+02
3.961000000000000227e+02,4.216407088422313905e+02
3.963799999999999955e+02,4.192185675641450189e+02
3.966499999999999773e+02,4.162560649944437614e+02
3.969200000000000159e+02,4.133290122457949565e+02
3.971899999999999977e+02,4.104368149552166756e+02
3.974700000000000273e+02,4.088156497952026598e+02
3.977400000000000091e+02,4.039478450726414849e+02
3.980099999999999909e+02,3.991481051513204079e+02
3.982799999999999727e+02,3.950814610100427444e+02
3.985600000000000023e+02,3.935875970954041350e+02
3.988299999999999841e+02,3.928821987364481743e+02
3.991000000000000227e+02,3.837336228705464123e+02
3.993700000000000045e+02,3.811628193770609414e+02
3.996499999999999773e+02,3.804189193406463119e+02
3.999200000000000159e+02,3.791574807175076103e+02
4.001899999999999977e+02,3.741371234521869837e+02
4.004599999999999795e+02,3.729217823598946211e+02
4.007400000000000091e+02,3.666620821148357550e+02
4.010099999999999909e+02,3.642775083524206252e+02
4.012799999999999727e+02,3.649555473393641023e+02
4.015500000000000114e+02,3.589847588549804982e+02
4.018299999999999841e+02,3.571733519465880704e+02
4.021000000000000227e+02,3.525230624278193545e+02
4.023700000000000045e+02,3.502864348189919497e+02
4.026399999999999864e+02,3.492400528505307307e+02
4.029200000000000159e+02,3.457832941042421453e+02
4.031899999999999977e+02,3.424718019239797968e+02
4.034599999999999795e+02,3.397706136801762113e+02
4.037300000000000182e+02,3.354070185211543844e+02
4.040099999999999909e+02,3.382858456781850691e+02
4.042799999999999727e+02,3.334256120599950464e+02
4.045500000000000114e+02,3.280789671705877026e+02
4.048199999999999932e+02,3.315587993781130649e+02
4.051000000000000227e+02,3.272805656232228557e+02
4.053700000000000045e+02,3.242288478902249267e+02
4.056399999999999864e+02,3.201450030351601868e+02
4.059100000000000250e+02,3.198264284567342202e+02
4.061899999999999977e+02,3.178344851378978433e+02
4.064599999999999795e+02,3.128188857632575832e+02
4.067300000000000182e+02,3.135708451257373781e+02
4.070000000000000000e+02,3.101871299369940971e+02
4.072799999999999727e+02,3.077806114935556252e+02
4.075500000000000114e+02,3.029531348681940699e+02
4.078199999999999932e+02,3.017085102071044957e+02
4.080899999999999750e+02,3.004737085745297236e+02
4.083700000000000045e+02,2.991667336038037206e+02
4.086399999999999864e+02,2.969685098711836417e+02
4.089100000000000250e+02,2.933299448951868271e+02
4.091800000000000068e+02,2.926433211352010630e+02
4.094599999999999795e+02,2.870713147711041415e+02
4.097300000000000182e+02,2.854691112974180669e+02
4.100000000000000000e+02,2.862519003074235115e+02
4.102699999999999818e+02,2.846631579017959552e+02
4.105500000000000114e+02,2.839482926153805238e+02
4.108199999999999932e+02,2.809925513407024482e+02
4.110899999999999750e+02,2.776110205936111015e+02
4.113600000000000136e+02,2.779270420791975198e+02
4.116399999999999864e+02,2.749820244824624069e+02
4.119100000000000250e+02,2.734951447842730659e+02
4.121800000000000068e+02,2.720220791675989744e+02
4.124599999999999795e+02,2.722690363492566235e+02
4.127300000000000182e+02,2.672827937426067137e+02
4.130000000000000000e+02,2.680529387391220553e+02
4.132699999999999818e+02,2.631512280516382702e+02
4.135500000000000114e+02,2.616991439669261013e+02
4.138199999999999932e+02,2.620427358018625341e+02
4.140899999999999750e+02,2.606714473391432989e+02
4.143600000000000136e+02,2.571973963499700062e+02
4.146399999999999864e+02,2.541202512279817256e+02
4.149100000000000250e+02,2.544804828144908981e+02
4.151800000000000068e+02,2.515148875501754446e+02
4.154499999999999886e+02,2.506410550322113124e+02
4.157300000000000182e+02,2.505280915855980481e+02
4.160000000000000000e+02,2.484428742653455799e+02
4.162699999999999818e+02,2.443634623455536143e+02
4.165400000000000205e+02,2.439376041464476259e+02
4.168199999999999932e+02,2.438495800167887069e+02
4.170899999999999750e+02,2.414456029750250821e+02
4.173600000000000136e+02,2.382826602912902842e+02
4.176399999999999864e+02,2.374377652304521860e+02
4.179100000000000250e+02,2.374307685831391836e+02
4.181800000000000068e+02,2.374185412477885393e+02
4.184499999999999886e+02,2.324314316827555444e+02
4.187300000000000182e+02,2.335244659360357957e+02
4.190000000000000000e+02,2.286175605698255708e+02
4.192699999999999818e+02,2.293912067586288401e+02
4.195400000000000205e+02,2.286602805454047029e+02
4.198199999999999932e+02,2.286194102055780490e+02
4.200899999999999750e+02,2.256874615154495132e+02
4.203600000000000136e+02,2.242489072165354571e+02
4.206299999999999955e+02,2.253641763140653893e+02
4.209100000000000250e+02,2.228021416993321964e+02
4.211800000000000068e+02,2.213949212914073144e+02
4.214499999999999886e+02,2.214247230590033553e+02
4.217300000000000182e+02,2.185686148222077918e+02
4.220000000000000000e+02,2.172005893742338571e+02
4.222699999999999818e+02,2.158451509636579999e+02
4.225400000000000205e+02,2.145021458060868724e+02
4.228199999999999932e+02,2.131223703338524160e+02
4.230899999999999750e+02,2.128324020784928052e+02
4.233600000000000136e+02,2.125417330719772622e+02
4.236299999999999955e+02,2.098807695431177649e+02
4.239100000000000250e+02,2.092192799509633119e+02
4.241800000000000068e+02,2.069374720028919228e+02
4.244499999999999886e+02,2.073375474055634697e+02
4.247200000000000273e+02,2.064077121393531797e+02
4.250000000000000000e+02,2.051107587492518292e+02
4.252699999999999818e+02,2.051762382661723052e+02
4.255400000000000205e+02,2.029673887910434757e+02
4.258199999999999932e+02,1.991253771971517210e+02
4.260899999999999750e+02,1.988934265658241713e+02
4.263600000000000136e+02,1.970686570179787509e+02
4.266299999999999955e+02,1.996924690237716788e+02
4.269100000000000250e+02,1.959464528543108770e+02
4.271800000000000068e+02,1.960365906768470552e+02
4.274499999999999886e+02,1.933247409791603388e+02
4.277200000000000273e+02,1.924951183856439911e+02
4.280000000000000000e+02,1.910157570116639363e+02
4.282699999999999818e+02,1.914235858608204808e+02
4.285400000000000205e+02,1.924302330878490750e+02
4.288199999999999932e+02,1.879496044673928168e+02
4.290899999999999750e+02,1.877578347470196434e+02
4.293600000000000136e+02,1.875649425352988544e+02
4.296299999999999955e+02,1.841097523013696673e+02
4.299100000000000250e+02,1.841888900586255602e+02
4.301800000000000068e+02,1.845958926825826438e+02
4.304499999999999886e+02,1.829557081360538007e+02
4.307300000000000182e+02,1.804238285718030568e+02
4.310000000000000000e+02,1.805476699838129377e+02
4.312699999999999818e+02,1.806670099281117245e+02
4.315400000000000205e+02,1.785043494857443136e+02
4.318199999999999932e+02,1.808545396466660691e+02
4.320899999999999750e+02,1.801165640542871529e+02
4.323600000000000136e+02,1.779845979435778816e+02
4.326299999999999955e+02,1.755952482832014141e+02
4.329100000000000250e+02,1.756837414325812858e+02
4.331800000000000068e+02,1.730532065920191656e+02
4.334499999999999886e+02,1.731849845754522619e+02
4.337300000000000182e+02,1.730047871925295340e+02
4.340000000000000000e+02,1.734001243466023254e+02
4.342699999999999818e+02,1.713670947937854407e+02
4.345400000000000205e+02,1.701562740639546973e+02
4.348199999999999932e+02,1.697196525107650871e+02
4.350899999999999750e+02,1.695840129064063433e+02
4.353600000000000136e+02,1.683946919978424717e+02
4.356399999999999864e+02,1.666586052162231510e+02
4.359100000000000250e+02,1.652326821112278310e+02
4.361800000000000068e+02,1.658899964447156492e+02
4.364499999999999886e+02,1.657654318447733033e+02
4.367300000000000182e+02,1.645826750856152501e+02
4.370000000000000000e+02,1.621700386042293758e+02
4.372699999999999818e+02,1.630726003871835132e+02
4.375500000000000114e+02,1.631750492778545265e+02
4.378199999999999932e+02,1.650593087232450955e+02
4.380899999999999750e+02,1.631839995505847583e+02
4.383600000000000136e+02,1.586001845784677471e+02
4.386399999999999864e+02,1.589612569472874668e+02
4.389100000000000250e+02,1.583664587172121685e+02
4.391800000000000068e+02,1.587510021608062232e+02
4.394599999999999795e+02,1.574004430246842787e+02
4.397300000000000182e+02,1.570574472079166526e+02
4.400000000000000000e+02,1.571957267680878374e+02
4.402699999999999818e+02,1.580465010845174163e+02
4.405500000000000114e+02,1.560060392918128400e+02
4.408199999999999932e+02,1.563769544484039500e+02
4.410899999999999750e+02,1.562717989292717959e+02
4.413700000000000045e+02,1.533307384111169256e+02
4.416399999999999864e+02,1.527728045854618699e+02
4.419100000000000250e+02,1.536064519897808509e+02
4.421800000000000068e+02,1.530485066261790621e+02
4.424599999999999795e+02,1.504048374672414070e+02
4.427300000000000182e+02,1.494091570820517347e+02
4.430000000000000000e+02,1.513673038893793148e+02
4.432799999999999727e+02,1.496681379159789742e+02
4.435500000000000114e+02,1.522733823046207249e+02
4.438199999999999932e+02,1.486026693468623705e+02
4.440899999999999750e+02,1.485189440210536134e+02
4.443700000000000045e+02,1.490688705362713335e+02
4.446399999999999864e+02,1.467822371012710789e+02
4.449100000000000250e+02,1.471401085800214616e+02
4.451899999999999977e+02,1.470301060107392743e+02
4.454599999999999795e+02,1.469463023543396218e+02
4.457300000000000182e+02,1.460000274040700958e+02
4.460000000000000000e+02,1.448469359094429478e+02
4.462799999999999727e+02,1.455954974966563213e+02
4.465500000000000114e+02,1.450884575370889138e+02
4.468199999999999932e+02,1.437402316764232637e+02
4.471000000000000227e+02,1.432174064185806515e+02
4.473700000000000045e+02,1.429328327605827553e+02
4.476399999999999864e+02,1.420253759673101968e+02
4.479200000000000159e+02,1.410994026635319187e+02
4.481899999999999977e+02,1.420591123659153823e+02
4.484599999999999795e+02,1.413686493303365808e+02
4.487300000000000182e+02,1.419064231959542042e+02
4.490099999999999909e+02,1.432231258351291387e+02
4.492799999999999727e+02,1.409166605403596861e+02
4.495500000000000114e+02,1.396352011816545655e+02
4.498299999999999841e+02,1.389393955918956181e+02
4.501000000000000227e+02,1.388701025120615782e+02
4.503700000000000045e+02,1.372157465135783525e+02
4.506399999999999864e+02,1.377431178411451640e+02
4.509200000000000159e+02,1.390237151085858045e+02
4.511899999999999977e+02,1.373873342209518000e+02
4.514599999999999795e+02,1.379012924202498311e+02
4.517400000000000091e+02,1.366449880810991715e+02
4.520099999999999909e+02,1.348458238236978559e+02
4.522799999999999727e+02,1.347850849031097198e+02
4.525600000000000023e+02,1.350808878345721666e+02
4.528299999999999841e+02,1.340682355446409701e+02
4.531000000000000227e+02,1.349508966130813121e+02
4.533700000000000045e+02,1.352601627899032337e+02
4.536499999999999773e+02,1.336720192960987674e+02
4.539200000000000159e+02,1.336089464758241547e+02
4.541899999999999977e+02,1.339153577755886886e+02
4.544700000000000273e+02,1.334570313394883669e+02
4.547400000000000091e+02,1.321068130783183108e+02
4.550099999999999909e+02,1.327765141798074637e+02
4.552900000000000205e+02,1.332340399260974948e+02
4.555600000000000023e+02,1.302706458947357646e+02
4.558299999999999841e+02,1.307548445459532616e+02
4.561000000000000227e+02,1.305160366076114258e+02
4.563799999999999955e+02,1.302559237793706757e+02
4.566499999999999773e+02,1.300186335841985397e+02
4.569200000000000159e+02,1.276602774246226204e+02
4.571999999999999886e+02,1.284685214375458315e+02
4.574700000000000273e+02,1.271870834000586115e+02
4.577400000000000091e+02,1.285317793648345059e+02
4.580199999999999818e+02,1.267167876970907656e+02
4.582900000000000205e+02,1.261476435437158159e+02
4.585600000000000023e+02,1.250661409916025661e+02
4.588399999999999750e+02,1.248285558463018106e+02
4.591100000000000136e+02,1.258056286564889064e+02
4.593799999999999955e+02,1.269423746471052112e+02
4.596499999999999773e+02,1.255333574263501077e+02
4.599300000000000068e+02,1.249559690224547523e+02
4.601999999999999886e+02,1.232308416520545649e+02
4.604700000000000273e+02,1.228531920956045269e+02
4.607500000000000000e+02,1.222916339153547085e+02
4.610199999999999818e+02,1.229100929924161676e+02
4.612900000000000205e+02,1.231929007739851727e+02
4.615699999999999932e+02,1.241068221365428172e+02
4.618399999999999750e+02,1.219341048698555880e+02
4.621100000000000136e+02,1.220513072851185825e+02
4.623799999999999955e+02,1.202270979944429570e+02
4.626600000000000250e+02,1.200070978846575542e+02
4.629300000000000068e+02,1.204477093718886778e+02
4.631999999999999886e+02,1.210427737818219498e+02
4.634800000000000182e+02,1.200243865684909679e+02
4.637500000000000000e+02,1.191909005924620431e+02
4.640199999999999818e+02,1.182059914374810319e+02
4.643000000000000114e+02,1.198735537949453800e+02
4.645699999999999932e+02,1.192039582958603461e+02
4.648399999999999750e+02,1.186942677723107096e+02
4.651200000000000045e+02,1.181690595015923009e+02
4.653899999999999864e+02,1.168957571384632814e+02
4.656600000000000250e+02,1.170123532163712525e+02
4.659399999999999977e+02,1.154288859707011312e+02
4.662099999999999795e+02,1.169167257569472866e+02
4.664800000000000182e+02,1.182394883733748969e+02
4.667500000000000000e+02,1.174393832949369170e+02
4.670299999999999727e+02,1.163264869408324813e+02
4.673000000000000114e+02,1.162863070777516015e+02
4.675699999999999932e+02,1.160965211910563681e+02
4.678500000000000227e+02,1.158892478202512137e+02
4.681200000000000045e+02,1.151101989483688612e+02
4.683899999999999864e+02,1.149244076238125558e+02
4.686700000000000159e+02,1.150140517797851487e+02
4.689399999999999977e+02,1.149737729998083466e+02
4.692099999999999795e+02,1.160937011873453457e+02
4.694900000000000091e+02,1.153069055022130840e+02
4.697599999999999909e+02,1.142554272979487564e+02
4.700299999999999727e+02,1.130682516098242445e+02
4.703100000000000023e+02,1.141558593076058656e+02
4.705799999999999841e+02,1.128347832504682202e+02
4.708500000000000227e+02,1.133633510371893749e+02
4.711200000000000045e+02,1.127589913555166277e+02
4.713999999999999773e+02,1.124222854343687032e+02
4.716700000000000159e+02,1.129429490270599672e+02
4.719399999999999977e+02,1.123446772398480817e+02
4.722200000000000273e+02,1.145059923837525275e+02
4.724900000000000091e+02,1.134900906690678397e+02
4.727599999999999909e+02,1.120688688934157256e+02
4.730400000000000205e+02,1.143387499839668919e+02
4.733100000000000023e+02,1.126509720175462661e+02
4.735799999999999841e+02,1.124699297159927767e+02
4.738600000000000136e+02,1.121373960669033636e+02
4.741299999999999955e+02,1.123620824776554485e+02
4.743999999999999773e+02,1.109737478411249469e+02
4.746800000000000068e+02,1.103811183843717032e+02
4.749499999999999886e+02,1.120712913908516981e+02
4.752200000000000273e+02,1.124213679351197612e+02
4.755000000000000000e+02,1.093184295784326991e+02
4.757699999999999818e+02,1.112527085500808681e+02
4.760400000000000205e+02,1.114679780862872747e+02
4.763199999999999932e+02,1.106206926313059995e+02
4.765899999999999750e+02,1.104450262675853622e+02
4.768600000000000136e+02,1.100109701658580690e+02
4.771299999999999955e+02,1.108685726967621719e+02
4.774100000000000250e+02,1.109319702634806646e+02
4.776800000000000068e+02,1.080684489996588269e+02
4.779499999999999886e+02,1.103220688416335236e+02
4.782300000000000182e+02,1.093690451312642864e+02
4.785000000000000000e+02,1.090702896505146242e+02
4.787699999999999818e+02,1.073881238352736602e+02
4.790500000000000114e+02,1.087122627302171765e+02
4.793199999999999932e+02,1.085417750967452832e+02
4.795899999999999750e+02,1.086205747699346347e+02
4.798700000000000045e+02,1.065756473019684876e+02
4.801399999999999864e+02,1.077706660880683671e+02
4.804100000000000250e+02,1.087097145694035021e+02
4.806899999999999977e+02,1.090127087336748843e+02
4.809599999999999795e+02,1.076196306502081939e+02
4.812300000000000182e+02,1.069656443339766696e+02
4.815099999999999909e+02,1.071482797302933250e+02
4.817799999999999727e+02,1.058963842319761568e+02
4.820500000000000114e+02,1.077771389815798528e+02
4.823299999999999841e+02,1.073534741415282525e+02
4.826000000000000227e+02,1.076626079719700328e+02
4.828700000000000045e+02,1.067808072527748067e+02
4.831499999999999773e+02,1.058900270280848872e+02
4.834200000000000159e+02,1.060807854347817170e+02
4.836899999999999977e+02,1.066215781434051735e+02
4.839700000000000273e+02,1.072595762906817356e+02
4.842400000000000091e+02,1.063918422705551734e+02
4.845099999999999909e+02,1.068068253845328002e+02
4.847900000000000205e+02,1.063935656791012434e+02
4.850600000000000023e+02,1.069189906359020057e+02
4.853299999999999841e+02,1.065214269490612651e+02
4.856100000000000136e+02,1.057683845014680770e+02
4.858799999999999955e+02,1.059460726781528876e+02
4.861499999999999773e+02,1.070296589719584830e+02
4.864300000000000068e+02,1.061675684595952021e+02
4.866999999999999886e+02,1.064520953036166730e+02
4.869700000000000273e+02,1.060603539420076515e+02
4.872500000000000000e+02,1.067743819771217204e+02
4.875199999999999818e+02,1.069397884111434394e+02
4.877900000000000205e+02,1.056603710817447848e+02
4.880699999999999932e+02,1.065867357160367987e+02
4.883399999999999750e+02,1.070791627939233166e+02
4.886100000000000136e+02,1.057012781537580537e+02
4.888799999999999955e+02,1.065199183995483452e+02
4.891600000000000250e+02,1.063368555462522096e+02
4.894300000000000068e+02,1.071456317663688935e+02
4.896999999999999886e+02,1.077314776436847268e+02
4.899800000000000182e+02,1.077590416639514643e+02
4.902500000000000000e+02,1.072631433934673453e+02
4.905199999999999818e+02,1.067700627109973652e+02
4.908000000000000114e+02,1.070117194780465013e+02
4.910699999999999932e+02,1.076898584859386574e+02
4.913399999999999750e+02,1.078332871434357827e+02
4.916200000000000045e+02,1.058520309334418812e+02
4.918899999999999864e+02,1.074702277461493765e+02
4.921600000000000250e+02,1.089714876920302657e+02
4.924399999999999977e+02,1.074222551215583934e+02
4.927099999999999795e+02,1.072485786674316017e+02
4.929800000000000182e+02,1.088358335923685019e+02
4.932599999999999909e+02,1.068887076256765880e+02
4.935299999999999727e+02,1.063053434191720470e+02
4.938000000000000114e+02,1.076718732873012669e+02
4.940799999999999841e+02,1.073806632215881507e+02
4.943500000000000227e+02,1.071047671895834412e+02
4.946200000000000045e+02,1.090599456660984714e+02
4.948999999999999773e+02,1.072497145370710285e+02
4.951700000000000159e+02,1.079814033115456056e+02
4.954499999999999886e+02,1.068883280581233777e+02
4.957200000000000273e+02,1.073148904754604587e+02
4.959900000000000091e+02,1.065429104152279649e+02
4.962699999999999818e+02,1.081431006991235506e+02
4.965400000000000205e+02,1.078666284152375425e+02
4.968100000000000023e+02,1.070987384779545835e+02
4.970899999999999750e+02,1.081871250590415201e+02
4.973600000000000136e+02,1.060524335747763303e+02
4.976299999999999955e+02,1.057842146136409838e+02
4.979100000000000250e+02,1.077381239115236724e+02
4.981800000000000068e+02,1.070773531873767439e+02
4.984499999999999886e+02,1.078676754104086939e+02
4.987300000000000182e+02,1.069075868527092865e+02
4.990000000000000000e+02,1.076916142007171402e+02
4.992699999999999818e+02,1.067509061761406031e+02
4.995500000000000114e+02,1.065637342055010350e+02
4.998199999999999932e+02,1.078129275544078070e+02
5.000899999999999750e+02,1.074464666860592672e+02
5.003700000000000045e+02,1.081983634669725944e+02
5.006399999999999864e+02,1.082071604372140285e+02
5.009100000000000250e+02,1.075605154395702527e+02
5.011899999999999977e+02,1.093274744156255025e+02
5.014599999999999795e+02,1.072868057364449470e+02
5.017300000000000182e+02,1.068330081355160956e+02
5.020099999999999909e+02,1.071063819499671439e+02
5.022799999999999727e+02,1.070227410755922648e+02
5.025500000000000114e+02,1.063891988199004146e+02
5.028299999999999841e+02,1.065679965120540800e+02
5.031000000000000227e+02,1.072131521015532343e+02
5.033700000000000045e+02,1.068555641571555128e+02
5.036499999999999773e+02,1.070289487070878920e+02
5.039200000000000159e+02,1.064028081177757059e+02
5.041899999999999977e+02,1.077557118878789737e+02
5.044700000000000273e+02,1.070273950163061727e+02
5.047400000000000091e+02,1.076543106073878420e+02
5.050099999999999909e+02,1.074763825901696066e+02
5.052900000000000205e+02,1.072858768829227358e+02
5.055600000000000023e+02,1.074622801943151984e+02
5.058299999999999841e+02,1.082529731194303935e+02
5.061100000000000136e+02,1.078843361319071903e+02
5.063799999999999955e+02,1.071809088971412365e+02
5.066499999999999773e+02,1.084856180542181505e+02
5.069300000000000068e+02,1.066415797306679139e+02
5.071999999999999886e+02,1.081978079224118829e+02
5.074800000000000182e+02,1.069695245630889104e+02
5.077500000000000000e+02,1.074813241763814915e+02
5.080199999999999818e+02,1.061036661425554399e+02
5.083000000000000114e+02,1.074551024532444217e+02
5.085699999999999932e+02,1.071922067371486378e+02
5.088399999999999750e+02,1.082033888423216297e+02
5.091200000000000045e+02,1.078410689047668569e+02
5.093899999999999864e+02,1.076619854112991987e+02
5.096600000000000250e+02,1.060548240292919502e+02
5.099399999999999977e+02,1.071251750675634753e+02
5.102099999999999795e+02,1.076162258551964328e+02
5.104800000000000182e+02,1.076874355166701349e+02
5.107599999999999909e+02,1.071642053013046763e+02
5.110299999999999727e+02,1.078966301857480943e+02
5.113000000000000114e+02,1.075523929099227303e+02
5.115799999999999841e+02,1.077721054566356429e+02
5.118500000000000227e+02,1.075930636093604420e+02
5.121200000000000045e+02,1.065167334658601419e+02
5.123999999999999773e+02,1.067359117383050773e+02
5.126699999999999591e+02,1.085875086484577992e+02
5.129400000000000546e+02,1.070315625016546193e+02
5.132200000000000273e+02,1.086149365640609261e+02
5.134900000000000091e+02,1.069070664132955102e+02
5.137699999999999818e+02,1.082393253380431872e+02
5.140399999999999636e+02,1.076596875830613698e+02
5.143099999999999454e+02,1.081969082314128627e+02
5.145900000000000318e+02,1.085589680501797147e+02
5.148600000000000136e+02,1.081402033228129653e+02
5.151299999999999955e+02,1.078022902192539476e+02
5.154099999999999682e+02,1.080818758625516693e+02
5.156799999999999500e+02,1.082149599976772834e+02
5.159500000000000455e+02,1.078782980677475507e+02
5.162300000000000182e+02,1.079198256811710337e+02
5.165000000000000000e+02,1.082056019944927385e+02
5.167699999999999818e+02,1.073291559103488311e+02
5.170499999999999545e+02,1.076786280929130157e+02
5.173200000000000500e+02,1.081144795769865681e+02
5.175900000000000318e+02,1.102323701297746510e+02
5.178700000000000045e+02,1.075132384090538835e+02
5.181399999999999864e+02,1.082483751146078390e+02
5.184199999999999591e+02,1.073725369293794785e+02
5.186900000000000546e+02,1.074215741505651351e+02
5.189600000000000364e+02,1.094306241503433341e+02
5.192400000000000091e+02,1.070538846217885975e+02
5.195099999999999909e+02,1.076264554416250121e+02
5.197799999999999727e+02,1.084938839916838162e+02
5.200599999999999454e+02,1.088217679805242426e+02
5.203300000000000409e+02,1.079711777978480143e+02
5.206000000000000227e+02,1.082357042429289891e+02
5.208799999999999955e+02,1.083383071746723090e+02
5.211499999999999773e+02,1.079368258184651381e+02
5.214199999999999591e+02,1.094444508175419486e+02
5.217000000000000455e+02,1.098331695610643379e+02
5.219700000000000273e+02,1.112518592533694886e+02
5.222500000000000000e+02,1.112680532271772194e+02
5.225199999999999818e+02,1.099917154058555013e+02
5.227899999999999636e+02,1.100228378521866830e+02
5.230700000000000500e+02,1.092488417018812328e+02
5.233400000000000318e+02,1.105733407277236040e+02
5.236100000000000136e+02,1.110303666197222583e+02
5.238899999999999864e+02,1.105440659004066362e+02
5.241599999999999682e+02,1.104992733968311569e+02
5.244299999999999500e+02,1.111636285509507616e+02
5.247100000000000364e+02,1.105382054445129967e+02
5.249800000000000182e+02,1.119730055690752692e+02
5.252500000000000000e+02,1.113599962370910816e+02
5.255299999999999727e+02,1.116490796939437899e+02
5.257999999999999545e+02,1.118782132279184367e+02
5.260800000000000409e+02,1.131382106113112229e+02
5.263500000000000227e+02,1.114850778416889341e+02
5.266200000000000045e+02,1.128191896520526001e+02
5.268999999999999773e+02,1.118540078728994303e+02
5.271699999999999591e+02,1.126272808290562040e+02
5.274400000000000546e+02,1.130523025668024530e+02
5.277200000000000273e+02,1.127776843546753156e+02
5.279900000000000091e+02,1.128575279309738164e+02
5.282599999999999909e+02,1.122560534015445199e+02
5.285399999999999636e+02,1.143586483925922153e+02
5.288099999999999454e+02,1.134848057078435630e+02
5.290900000000000318e+02,1.140193679915890357e+02
5.293600000000000136e+02,1.130833938790657669e+02
5.296299999999999955e+02,1.122864075935262207e+02
5.299099999999999682e+02,1.129519504276367599e+02
5.301799999999999500e+02,1.146247721755830469e+02
5.304500000000000455e+02,1.142274871826338511e+02
5.307300000000000182e+02,1.145485894017366064e+02
5.310000000000000000e+02,1.151437303212956493e+02
5.312699999999999818e+02,1.142857885669766773e+02
5.315499999999999545e+02,1.140112709837474370e+02
5.318200000000000500e+02,1.152561205774962332e+02
5.321000000000000227e+02,1.141304719268292729e+02
5.323700000000000045e+02,1.146505672385845003e+02
5.326399999999999864e+02,1.163357485454128692e+02
5.329199999999999591e+02,1.144383378331109498e+02
5.331900000000000546e+02,1.157906330368108598e+02
5.334600000000000364e+02,1.156544712256167600e+02
5.337400000000000091e+02,1.153139175687126396e+02
5.340099999999999909e+02,1.148589428868799303e+02
5.342799999999999727e+02,1.161926506734081954e+02
5.345599999999999454e+02,1.149612104162962680e+02
5.348300000000000409e+02,1.169203719151369256e+02
5.351100000000000136e+02,1.152500514469872996e+02
5.353799999999999955e+02,1.167546432074751550e+02
5.356499999999999773e+02,1.146021381107706389e+02
5.359299999999999500e+02,1.169023536765875804e+02
5.362000000000000455e+02,1.165743881919163414e+02
5.364700000000000273e+02,1.166219608466128363e+02
5.367500000000000000e+02,1.160970298098841766e+02
5.370199999999999818e+02,1.151525210018805723e+02
5.372999999999999545e+02,1.144483130157761082e+02
5.375700000000000500e+02,1.151775529539632004e+02
5.378400000000000318e+02,1.159022627779585406e+02
5.381200000000000045e+02,1.161199822706866911e+02
5.383899999999999864e+02,1.153696805880035043e+02
5.386599999999999682e+02,1.155985805467679484e+02
5.389400000000000546e+02,1.143547867333721655e+02
5.392100000000000364e+02,1.156149030087122327e+02
5.394800000000000182e+02,1.156584139057190441e+02
5.397599999999999909e+02,1.164731149828298271e+02
5.400299999999999727e+02,1.147094629303352207e+02
5.403099999999999454e+02,1.145021997822624229e+02
5.405800000000000409e+02,1.134702821051355244e+02
5.408500000000000227e+02,1.160803970694156675e+02
5.411299999999999955e+02,1.139670993097607408e+02
5.413999999999999773e+02,1.141888776461441068e+02
5.416699999999999591e+02,1.152958843455862734e+02
5.419500000000000455e+02,1.140852338615738120e+02
5.422200000000000273e+02,1.135391198098112113e+02
5.425000000000000000e+02,1.143913038099126709e+02
5.427699999999999818e+02,1.132617421938781632e+02
5.430399999999999636e+02,1.136540316411660143e+02
5.433200000000000500e+02,1.141485936211147703e+02
5.435900000000000318e+02,1.132015936721020637e+02
5.438600000000000136e+02,1.150353916990366514e+02
5.441399999999999864e+02,1.132713736663560837e+02
5.444099999999999682e+02,1.129658520062849192e+02
5.446900000000000546e+02,1.140842334280900587e+02
5.449600000000000364e+02,1.122900293096460445e+02
5.452300000000000182e+02,1.134716091207180000e+02
5.455099999999999909e+02,1.143505639158533853e+02
5.457799999999999727e+02,1.140441096636380820e+02
5.460499999999999545e+02,1.124939597714267308e+02
5.463300000000000409e+02,1.115614008274674518e+02
5.466000000000000227e+02,1.126705403740607778e+02
5.468799999999999955e+02,1.122467720716932718e+02
5.471499999999999773e+02,1.116680049942506372e+02
5.474199999999999591e+02,1.114268473909597219e+02
5.477000000000000455e+02,1.124003785178579307e+02
5.479700000000000273e+02,1.116580222268330829e+02
5.482400000000000091e+02,1.125804787083166332e+02
5.485199999999999818e+02,1.119954468577681865e+02
5.487899999999999636e+02,1.116994808699848392e+02
5.490700000000000500e+02,1.108444894138210373e+02
5.493400000000000318e+02,1.103331764022052255e+02
5.496100000000000136e+02,1.105890946052154789e+02
5.498899999999999864e+02,1.091432764021799642e+02
5.501599999999999682e+02,1.096175210641672066e+02
5.504299999999999500e+02,1.100346778809462478e+02
5.507100000000000364e+02,1.088168192361931261e+02
5.509800000000000182e+02,1.100417778999462115e+02
5.512599999999999909e+02,1.087220017450218137e+02
5.515299999999999727e+02,1.105298268838076297e+02
5.517999999999999545e+02,1.097068564290770922e+02
5.520800000000000409e+02,1.081837856995529705e+02
5.523500000000000227e+02,1.096583422938409171e+02
5.526200000000000045e+02,1.080469002794727089e+02
5.528999999999999773e+02,1.084972926621932316e+02
5.531699999999999591e+02,1.074772377610742069e+02
5.534500000000000455e+02,1.079259827554329121e+02
5.537200000000000273e+02,1.073320786114839365e+02
5.539900000000000091e+02,1.093596264258493136e+02
5.542699999999999818e+02,1.082838259636395577e+02
5.545399999999999636e+02,1.069630826511992154e+02
5.548200000000000500e+02,1.087564064631696823e+02
5.550900000000000318e+02,1.082180165432409780e+02
5.553600000000000136e+02,1.076303163985074178e+02
5.556399999999999864e+02,1.071897676256354686e+02
5.559099999999999682e+02,1.068641323865497839e+02
5.561799999999999500e+02,1.077708744314623459e+02
5.564600000000000364e+02,1.074345222812704606e+02
5.567300000000000182e+02,1.074668720142685743e+02
5.570099999999999909e+02,1.062670892010514763e+02
5.572799999999999727e+02,1.080275002353492368e+02
5.575499999999999545e+02,1.061328266678244034e+02
5.578300000000000409e+02,1.070657527365227253e+02
5.581000000000000227e+02,1.083561557970475633e+02
5.583799999999999955e+02,1.082225960918784864e+02
5.586499999999999773e+02,1.058442647189488213e+02
5.589199999999999591e+02,1.068768406615617295e+02
5.592000000000000455e+02,1.074949094385276851e+02
5.594700000000000273e+02,1.072242637816052309e+02
5.597400000000000091e+02,1.066073677780748739e+02
5.600199999999999818e+02,1.073687534975479423e+02
5.602899999999999636e+02,1.074942436239562653e+02
5.605700000000000500e+02,1.057873846325865230e+02
5.608400000000000318e+02,1.081742200267850080e+02
5.611100000000000136e+02,1.070711685780863718e+02
5.613899999999999864e+02,1.071848073911479133e+02
5.616599999999999682e+02,1.062840320077263812e+02
5.619400000000000546e+02,1.078079655862813837e+02
5.622100000000000364e+02,1.070549495662280748e+02
5.624800000000000182e+02,1.082882745882841959e+02
5.627599999999999909e+02,1.072377770369778887e+02
5.630299999999999727e+02,1.077419175467478283e+02
5.632999999999999545e+02,1.081952170080409985e+02
5.635800000000000409e+02,1.079656781377579335e+02
5.638500000000000227e+02,1.073647242258665528e+02
5.641299999999999955e+02,1.077570289567291724e+02
5.643999999999999773e+02,1.082993996242131374e+02
5.646699999999999591e+02,1.091231820631564631e+02
5.649500000000000455e+02,1.084667917705204729e+02
5.652200000000000273e+02,1.079175168084122305e+02
5.655000000000000000e+02,1.088192900331349335e+02
5.657699999999999818e+02,1.094444886326476194e+02
5.660399999999999636e+02,1.097853880871375196e+02
5.663200000000000500e+02,1.103011025448410152e+02
5.665900000000000318e+02,1.095660885970064413e+02
5.668600000000000136e+02,1.101819656735503514e+02
5.671399999999999864e+02,1.099965021596146073e+02
5.674099999999999682e+02,1.100989491043194306e+02
5.676900000000000546e+02,1.120817322199894903e+02
5.679600000000000364e+02,1.113957189734265540e+02
5.682300000000000182e+02,1.116307032220316557e+02
5.685099999999999909e+02,1.122204616590596942e+02
5.687799999999999727e+02,1.126799799634233636e+02
5.690599999999999454e+02,1.119878018019380619e+02
5.693300000000000409e+02,1.119904267249125525e+02
5.696000000000000227e+02,1.124914538519024347e+02
5.698799999999999955e+02,1.113514483400093837e+02
5.701499999999999773e+02,1.118057553755931508e+02
5.704299999999999500e+02,1.137327942265781360e+02
5.707000000000000455e+02,1.122927330199378133e+02
5.709700000000000273e+02,1.132779770689974015e+02
5.712500000000000000e+02,1.130416718530094329e+02
5.715199999999999818e+02,1.130390336913518894e+02
5.717999999999999545e+02,1.149380053844501077e+02
5.720700000000000500e+02,1.140430313351673846e+02
5.723400000000000318e+02,1.138157585158629956e+02
5.726200000000000045e+02,1.141530768315178221e+02
5.728899999999999864e+02,1.148067188246890424e+02
5.731599999999999682e+02,1.145782581518658532e+02
5.734400000000000546e+02,1.151293607615464651e+02
5.737100000000000364e+02,1.148131144479887809e+02
5.739900000000000091e+02,1.162325767852754410e+02
5.742599999999999909e+02,1.157840331569145889e+02
5.745299999999999727e+02,1.159449942515075236e+02
5.748099999999999454e+02,1.170473869158929574e+02
5.750800000000000409e+02,1.161239055060825933e+02
5.753600000000000136e+02,1.158839238250026824e+02
5.756299999999999955e+02,1.179765129604485594e+02
5.758999999999999773e+02,1.172708776946795695e+02
5.761799999999999500e+02,1.177134053030713261e+02
5.764500000000000455e+02,1.180782960788588412e+02
5.767300000000000182e+02,1.165571180638649480e+02
5.770000000000000000e+02,1.170497572232100083e+02
5.772699999999999818e+02,1.170311244230507270e+02
5.775499999999999545e+02,1.182284102700971289e+02
5.778200000000000500e+02,1.179955242559685047e+02
5.781000000000000227e+02,1.182582665538776183e+02
5.783700000000000045e+02,1.194533029983920329e+02
5.786399999999999864e+02,1.184642025557509726e+02
5.789199999999999591e+02,1.191826248882895669e+02
5.791900000000000546e+02,1.200742976871670038e+02
5.794700000000000273e+02,1.202024970939279456e+02
5.797400000000000091e+02,1.184311791625860764e+02
5.800099999999999909e+02,1.195657615368810980e+02
5.802899999999999636e+02,1.209736082992151864e+02
5.805599999999999454e+02,1.203244697576416655e+02
5.808400000000000318e+02,1.205721892763251617e+02
5.811100000000000136e+02,1.213208285477520292e+02
5.813799999999999955e+02,1.212882203253784468e+02
5.816599999999999682e+02,1.217350236925793752e+02
5.819299999999999500e+02,1.217824140911874053e+02
5.822100000000000364e+02,1.206812107225319721e+02
5.824800000000000182e+02,1.229193176657280873e+02
5.827500000000000000e+02,1.220323823245690988e+02
5.830299999999999727e+02,1.221074016172740357e+02
5.832999999999999545e+02,1.230777580810784144e+02
5.835800000000000409e+02,1.227877886095620994e+02
5.838500000000000227e+02,1.227495857908344590e+02
5.841200000000000045e+02,1.236308665628576051e+02
5.843999999999999773e+02,1.233804593772112668e+02
5.846699999999999591e+02,1.231013985073044097e+02
5.849500000000000455e+02,1.237659545435434012e+02
5.852200000000000273e+02,1.233677974536879134e+02
5.854900000000000091e+02,1.247103377872237218e+02
5.857699999999999818e+02,1.259571224732257093e+02
5.860399999999999636e+02,1.248475351529582298e+02
5.863200000000000500e+02,1.251454918044858147e+02
5.865900000000000318e+02,1.250604770704105277e+02
5.868600000000000136e+02,1.257571067785424219e+02
5.871399999999999864e+02,1.252311582570510069e+02
5.874099999999999682e+02,1.258846799549076820e+02
5.876900000000000546e+02,1.267185408800903588e+02
5.879600000000000364e+02,1.260872124852800198e+02
5.882300000000000182e+02,1.259993121565733674e+02
5.885099999999999909e+02,1.284067794091342876e+02
5.887799999999999727e+02,1.278519082878806188e+02
5.890599999999999454e+02,1.280561903026527091e+02
5.893300000000000409e+02,1.277336826956277207e+02
5.896000000000000227e+02,1.288640576530426927e+02
5.898799999999999955e+02,1.295210359521098269e+02
5.901499999999999773e+02,1.297289352639526214e+02
5.904299999999999500e+02,1.296593354796376332e+02
5.907000000000000455e+02,1.299032007151064647e+02
5.909700000000000273e+02,1.292767718371175363e+02
5.912500000000000000e+02,1.305645651055842791e+02
5.915199999999999818e+02,1.316312352973411919e+02
5.917999999999999545e+02,1.310310679886086973e+02
5.920700000000000500e+02,1.310429499972554765e+02
5.923400000000000318e+02,1.320257860699923356e+02
5.926200000000000045e+02,1.309431366385629474e+02
5.928899999999999864e+02,1.323302775701200176e+02
5.931699999999999591e+02,1.322529936597829021e+02
5.934400000000000546e+02,1.323345167182803550e+02
5.937100000000000364e+02,1.322675790979956503e+02
5.939900000000000091e+02,1.330746479853476671e+02
5.942599999999999909e+02,1.337046156718276393e+02
5.945399999999999636e+02,1.327426191154796697e+02
5.948099999999999454e+02,1.324543742748705597e+02
5.950800000000000409e+02,1.335190618442246375e+02
5.953600000000000136e+02,1.354794743607814382e+02
5.956299999999999955e+02,1.350043416612510612e+02
5.959099999999999682e+02,1.347379513864916021e+02
5.961799999999999500e+02,1.353524423278398388e+02
5.964600000000000364e+02,1.340377528643564915e+02
5.967300000000000182e+02,1.342898037978477248e+02
5.970000000000000000e+02,1.352241316482376021e+02
5.972799999999999727e+02,1.357483462307987452e+02
5.975499999999999545e+02,1.350626613500931796e+02
5.978300000000000409e+02,1.367281483074533810e+02
5.981000000000000227e+02,1.360070426969875541e+02
5.983700000000000045e+02,1.351463360986729469e+02
5.986499999999999773e+02,1.356278842311545816e+02
5.989199999999999591e+02,1.357987965959952703e+02
5.992000000000000455e+02,1.364883083827863857e+02
5.994700000000000273e+02,1.374675477521168716e+02
5.997400000000000091e+02,1.352734812791860577e+02
6.000199999999999818e+02,1.365208266125009686e+02
6.002899999999999636e+02,1.360904657312759696e+02
6.005599999999999454e+02,1.369909513485777950e+02
6.008400000000000318e+02,1.359217685431937070e+02
6.011100000000000136e+02,1.360169754922549146e+02
6.013799999999999955e+02,1.361114723570206593e+02
6.016499999999999773e+02,1.358237357381225081e+02
6.019299999999999500e+02,1.364607279481264754e+02
6.022000000000000455e+02,1.370362519256023575e+02
6.024700000000000273e+02,1.351277398808070700e+02
6.027500000000000000e+02,1.369991726969257400e+02
6.030199999999999818e+02,1.366081488800267891e+02
6.032899999999999636e+02,1.359787628072061807e+02
6.035599999999999454e+02,1.351808598943678419e+02
6.038400000000000318e+02,1.370010183002189024e+02
6.041100000000000136e+02,1.353531298571102184e+02
6.043799999999999955e+02,1.359867686713648993e+02
6.046599999999999682e+02,1.368440490355648365e+02
6.049299999999999500e+02,1.369979399387808883e+02
6.052000000000000455e+02,1.343167758462306267e+02
6.054700000000000273e+02,1.376059273256776123e+02
6.057500000000000000e+02,1.357635639715742002e+02
6.060199999999999818e+02,1.358501596389989459e+02
6.062899999999999636e+02,1.357019024767743929e+02
6.065599999999999454e+02,1.361215577202567317e+02
6.068400000000000318e+02,1.368618572710004173e+02
6.071100000000000136e+02,1.350492020852459234e+02
6.073799999999999955e+02,1.351680871151170038e+02
6.076599999999999682e+02,1.363352664002395898e+02
6.079299999999999500e+02,1.360539455864085028e+02
6.082000000000000455e+02,1.350481383873051016e+02
6.084700000000000273e+02,1.360203554490749696e+02
6.087500000000000000e+02,1.356317062107873426e+02
6.090199999999999818e+02,1.367946668814445843e+02
6.092899999999999636e+02,1.357945038786294560e+02
6.095700000000000500e+02,1.357341363076308483e+02
6.098400000000000318e+02,1.364980570834579510e+02
6.101100000000000136e+02,1.369011232815878998e+02
6.103799999999999955e+02,1.369779717836684654e+02
6.106599999999999682e+02,1.351346209034847163e+02
6.109299999999999500e+02,1.360861076883642511e+02
6.112000000000000455e+02,1.368400684777415677e+02
6.114800000000000182e+02,1.367119800254952509e+02
6.117500000000000000e+02,1.362413816568922016e+02
6.120199999999999818e+02,1.356442969413039350e+02
6.122899999999999636e+02,1.368393596874595062e+02
6.125700000000000500e+02,1.367749408733376981e+02
6.128400000000000318e+02,1.362750970959133952e+02
6.131100000000000136e+02,1.371747952455021675e+02
6.133799999999999955e+02,1.376901324884338749e+02
6.136599999999999682e+02,1.369905441252963101e+02
6.139299999999999500e+02,1.377877351573422970e+02
6.142000000000000455e+02,1.382348260624547152e+02
6.144800000000000182e+02,1.377261661749247708e+02
6.147500000000000000e+02,1.385789412906038365e+02
6.150199999999999818e+02,1.381126558773196109e+02
6.152899999999999636e+02,1.388356632233914922e+02
6.155700000000000500e+02,1.384534715831080689e+02
6.158400000000000318e+02,1.396392056667729946e+02
6.161100000000000136e+02,1.398258246996471144e+02
6.163899999999999864e+02,1.396910418417608923e+02
6.166599999999999682e+02,1.391027566190531388e+02
6.169299999999999500e+02,1.392267258830772221e+02
6.172000000000000455e+02,1.411988875577669091e+02
6.174800000000000182e+02,1.410919565827510098e+02
6.177500000000000000e+02,1.403203504781096456e+02
6.180199999999999818e+02,1.403479217869979152e+02
6.182999999999999545e+02,1.410984030097532127e+02
6.185700000000000500e+02,1.420389653062309776e+02
6.188400000000000318e+02,1.413009860878458710e+02
6.191100000000000136e+02,1.410518285189153005e+02
6.193899999999999864e+02,1.425215249180939452e+02
6.196599999999999682e+02,1.421190864155542783e+02
6.199299999999999500e+02,1.428657205050050152e+02
6.202100000000000364e+02,1.440206501283343243e+02
6.204800000000000182e+02,1.432558402542468059e+02
6.207500000000000000e+02,1.441751062875622722e+02
6.210199999999999818e+02,1.441615738532527189e+02
6.212999999999999545e+02,1.446756119692371954e+02
6.215700000000000500e+02,1.454365771365225157e+02
6.218400000000000318e+02,1.459559933226950648e+02
6.221200000000000045e+02,1.466705704942330897e+02
6.223899999999999864e+02,1.465915836715185208e+02
6.226599999999999682e+02,1.463941887720787633e+02
6.229299999999999500e+02,1.468474498913712409e+02
6.232100000000000364e+02,1.491166021644397972e+02
6.234800000000000182e+02,1.492678568474505596e+02
6.237500000000000000e+02,1.491538416067916160e+02
6.240299999999999727e+02,1.488240303511234970e+02
6.242999999999999545e+02,1.513443684035331955e+02
6.245700000000000500e+02,1.514890123450815622e+02
6.248400000000000318e+02,1.504377111448479809e+02
6.251200000000000045e+02,1.512121886230191308e+02
6.253899999999999864e+02,1.530103497411341777e+02
6.256599999999999682e+02,1.527728193611610834e+02
6.259400000000000546e+02,1.534215488423992326e+02
6.262100000000000364e+02,1.543093054280305125e+02
6.264800000000000182e+02,1.541850553445696903e+02
6.267599999999999909e+02,1.551138266047486525e+02
6.270299999999999727e+02,1.563079734424482865e+02
6.272999999999999545e+02,1.580987193222451310e+02
6.275700000000000500e+02,1.581957338787246385e+02
6.278500000000000227e+02,1.580811517088226879e+02
6.281200000000000045e+02,1.596579339880796340e+02
6.283899999999999864e+02,1.596652881838558642e+02
6.286699999999999591e+02,1.608523183755837920e+02
6.289400000000000546e+02,1.614512960698635879e+02
6.292100000000000364e+02,1.624432885846838133e+02
6.294800000000000182e+02,1.623313356888049839e+02
6.297599999999999909e+02,1.634746782159631664e+02
6.300299999999999727e+02,1.625178281971444108e+02
6.302999999999999545e+02,1.648449619360637826e+02
6.305800000000000409e+02,1.660878237139730800e+02
6.308500000000000227e+02,1.663596411213770523e+02
6.311200000000000045e+02,1.677452828893234766e+02
6.313899999999999864e+02,1.687636588788000722e+02
6.316699999999999591e+02,1.691550412643138088e+02
6.319400000000000546e+02,1.696950312587733265e+02
6.322100000000000364e+02,1.698730273688742898e+02
6.324900000000000091e+02,1.706180552252709504e+02
6.327599999999999909e+02,1.729152057860754326e+02
6.330299999999999727e+02,1.723150044705924984e+02
6.332999999999999545e+02,1.737211320097312353e+02
6.335800000000000409e+02,1.743148062117036261e+02
6.338500000000000227e+02,1.759026878734266290e+02
6.341200000000000045e+02,1.765560899085628250e+02
6.343999999999999773e+02,1.774124497865097680e+02
6.346699999999999591e+02,1.765368970579324355e+02
6.349400000000000546e+02,1.774288315518548700e+02
6.352200000000000273e+02,1.795511350375475104e+02
6.354900000000000091e+02,1.791083397691015762e+02
6.357599999999999909e+02,1.807453572558317489e+02
6.360299999999999727e+02,1.822412724396354804e+02
6.363099999999999454e+02,1.815674049311768385e+02
6.365800000000000409e+02,1.825723916487720544e+02
6.368500000000000227e+02,1.833590207742950895e+02
6.371299999999999955e+02,1.824451892478635671e+02
6.373999999999999773e+02,1.843227767857511026e+02
6.376699999999999591e+02,1.855537396083553574e+02
6.379400000000000546e+02,1.851045774848299459e+02
6.382200000000000273e+02,1.870593527897347599e+02
6.384900000000000091e+02,1.869528784869121694e+02
6.387599999999999909e+02,1.869787074679793761e+02
6.390399999999999636e+02,1.878359497094404560e+02
6.393099999999999454e+02,1.884916993974770776e+02
6.395800000000000409e+02,1.888817803836634255e+02
6.398600000000000136e+02,1.901233644236136797e+02
6.401299999999999955e+02,1.907965541969705328e+02
6.403999999999999773e+02,1.907086367461403995e+02
6.406699999999999591e+02,1.912993801951957948e+02
6.409500000000000455e+02,1.924999180073953937e+02
6.412200000000000273e+02,1.923564454025695341e+02
6.414900000000000091e+02,1.915383030318836006e+02
6.417699999999999818e+02,1.934303159048869247e+02
6.420399999999999636e+02,1.936212106171400364e+02
6.423099999999999454e+02,1.934238967914146770e+02
6.425900000000000318e+02,1.942445973155126353e+02
6.428600000000000136e+02,1.947663809560775690e+02
6.431299999999999955e+02,1.949265615911658927e+02
6.433999999999999773e+02,1.952908605397329325e+02
6.436799999999999500e+02,1.962542678454718441e+02
6.439500000000000455e+02,1.965376140660920328e+02
6.442200000000000273e+02,1.965647835310551841e+02
6.445000000000000000e+02,1.957389765394501637e+02
6.447699999999999818e+02,1.961731294033239692e+02
6.450399999999999636e+02,1.960731602144799695e+02
6.453099999999999454e+02,1.969346470334420474e+02
6.455900000000000318e+02,1.961633813671407154e+02
6.458600000000000136e+02,1.970461520044001418e+02
6.461299999999999955e+02,1.976235092362972523e+02
6.464099999999999682e+02,1.984615985097685495e+02
6.466799999999999500e+02,1.975044126539398519e+02
6.469500000000000455e+02,1.990278778377816877e+02
6.472300000000000182e+02,1.974848610118240515e+02
6.475000000000000000e+02,1.967581098355744018e+02
6.477699999999999818e+02,1.992195759212430630e+02
6.480399999999999636e+02,1.990631796432164720e+02
6.483200000000000500e+02,1.977035291143106122e+02
6.485900000000000318e+02,1.975002803248289922e+02
6.488600000000000136e+02,1.985824634674193874e+02
6.491399999999999864e+02,1.982414040997868767e+02
6.494099999999999682e+02,1.979389162587770841e+02
6.496799999999999500e+02,1.976617866188168477e+02
6.499600000000000364e+02,1.985254723375017250e+02
6.502300000000000182e+02,1.971946341549310375e+02
6.505000000000000000e+02,1.973839145009133063e+02
6.507699999999999818e+02,1.976698525613537072e+02
6.510499999999999545e+02,1.972351420082556785e+02
6.513200000000000500e+02,1.969847761226061493e+02
6.515900000000000318e+02,1.987739617015456304e+02
6.518700000000000045e+02,1.982901967542848354e+02
6.521399999999999864e+02,1.962486499207733743e+02
6.524099999999999682e+02,1.967491019224694639e+02
6.526900000000000546e+02,1.973310958607692953e+02
6.529600000000000364e+02,1.973701928777007879e+02
6.532300000000000182e+02,1.969045412182153427e+02
6.535000000000000000e+02,1.960326843672455368e+02
6.537799999999999727e+02,1.973764680701439147e+02
6.540499999999999545e+02,1.972707465178899611e+02
6.543200000000000500e+02,1.969504929409005456e+02
6.546000000000000227e+02,1.956186261890030949e+02
6.548700000000000045e+02,1.977730895001571696e+02
6.551399999999999864e+02,1.960769960470954345e+02
6.554199999999999591e+02,1.964340039989369302e+02
6.556900000000000546e+02,1.960693412355106773e+02
6.559600000000000364e+02,1.956584768078093362e+02
6.562400000000000091e+02,1.959428370419977909e+02
6.565099999999999909e+02,1.951333653091381564e+02
6.567799999999999727e+02,1.958990598206897573e+02
6.570499999999999545e+02,1.957245720129173776e+02
6.573300000000000409e+02,1.958653641187601693e+02
6.576000000000000227e+02,1.957843947506435711e+02
6.578700000000000045e+02,1.952838709599577101e+02
6.581499999999999773e+02,1.971921999301596031e+02
6.584199999999999591e+02,1.961562296506030805e+02
6.586900000000000546e+02,1.957728029756727892e+02
6.589700000000000273e+02,1.952159741417487169e+02
6.592400000000000091e+02,1.969145514894960911e+02
6.595099999999999909e+02,1.960466043015731543e+02
6.597799999999999727e+02,1.967472348820753609e+02
6.600599999999999454e+02,1.955937579315153698e+02
6.603300000000000409e+02,1.960397659266500909e+02
6.606000000000000227e+02,1.958196498012630968e+02
6.608799999999999955e+02,1.964795037337258918e+02
6.611499999999999773e+02,1.964414988899950174e+02
6.614199999999999591e+02,1.964261517033017697e+02
6.617000000000000455e+02,1.964892183072255705e+02
6.619700000000000273e+02,1.986762847496759719e+02
6.622400000000000091e+02,1.972960837693204610e+02
6.625199999999999818e+02,1.976733361702173397e+02
6.627899999999999636e+02,1.984229257597521894e+02
6.630599999999999454e+02,1.976133522157542757e+02
6.633300000000000409e+02,1.982023657932773233e+02
6.636100000000000136e+02,1.983271173685126882e+02
6.638799999999999955e+02,1.981269600840554403e+02
6.641499999999999773e+02,1.973671544999154150e+02
6.644299999999999500e+02,1.987889997261037252e+02
6.647000000000000455e+02,1.989901729143109321e+02
6.649700000000000273e+02,1.996361786522586783e+02
6.652500000000000000e+02,2.014687588856303933e+02
6.655199999999999818e+02,2.007973610741025254e+02
6.657899999999999636e+02,2.001944819205892827e+02
6.660700000000000500e+02,2.010419718030334764e+02
6.663400000000000318e+02,2.008380033118978076e+02
6.666100000000000136e+02,2.009653958624135726e+02
6.668799999999999955e+02,2.023255315893285058e+02
6.671599999999999682e+02,2.024369846491853195e+02
6.674299999999999500e+02,2.020554307689378959e+02
6.677000000000000455e+02,2.022665726977579084e+02
6.679800000000000182e+02,2.027049065923413877e+02
6.682500000000000000e+02,2.027390186955289266e+02
6.685199999999999818e+02,2.024675147518134395e+02
6.687999999999999545e+02,2.033595850198162225e+02
6.690700000000000500e+02,2.040001098638779808e+02
6.693400000000000318e+02,2.048985858329065763e+02
6.696100000000000136e+02,2.042344617169522678e+02
6.698899999999999864e+02,2.058948515425248047e+02
6.701599999999999682e+02,2.053171418808267106e+02
6.704299999999999500e+02,2.068098318406108262e+02
6.707100000000000364e+02,2.070153734222832895e+02
6.709800000000000182e+02,2.075977051330038989e+02
6.712500000000000000e+02,2.076418230910394414e+02
6.715299999999999727e+02,2.074160229270228513e+02
6.717999999999999545e+02,2.092762268583838363e+02
6.720700000000000500e+02,2.085272138883808566e+02
6.723500000000000227e+02,2.088540046865190618e+02
6.726200000000000045e+02,2.104254114000543723e+02
6.728899999999999864e+02,2.088920066122460071e+02
6.731699999999999591e+02,2.097243963915094582e+02
6.734400000000000546e+02,2.098893848374091817e+02
6.737100000000000364e+02,2.107717883710658384e+02
6.739800000000000182e+02,2.105755142270025431e+02
6.742599999999999909e+02,2.108511552865111298e+02
6.745299999999999727e+02,2.103606247680981767e+02
6.747999999999999545e+02,2.112144844658749889e+02
6.750800000000000409e+02,2.122620442262233666e+02
6.753500000000000227e+02,2.112689113812581070e+02
6.756200000000000045e+02,2.119910524736908428e+02
6.758999999999999773e+02,2.130522207193410793e+02
6.761699999999999591e+02,2.132066428830637506e+02
6.764400000000000546e+02,2.119681142466407380e+02
6.767200000000000273e+02,2.139153440263105210e+02
6.769900000000000091e+02,2.127413737162439418e+02
6.772599999999999909e+02,2.137834251428838002e+02
6.775299999999999727e+02,2.142025498619857160e+02
6.778099999999999454e+02,2.141950781674863435e+02
6.780800000000000409e+02,2.155170280848873006e+02
6.783500000000000227e+02,2.156224272018464490e+02
6.786299999999999955e+02,2.157349105939663048e+02
6.788999999999999773e+02,2.157162588057020685e+02
6.791699999999999591e+02,2.164742679399755616e+02
6.794500000000000455e+02,2.160737857677369220e+02
6.797200000000000273e+02,2.173172956669270377e+02
6.799900000000000091e+02,2.165018313598141333e+02
6.802699999999999818e+02,2.163868239699839080e+02
6.805399999999999636e+02,2.164469516553640460e+02
6.808099999999999454e+02,2.185716986645302597e+02
6.810900000000000318e+02,2.178669130868228763e+02
6.813600000000000136e+02,2.180649219534048768e+02
6.816299999999999955e+02,2.172345168679043184e+02
6.818999999999999773e+02,2.185186758464920729e+02
6.821799999999999500e+02,2.179982230715517346e+02
6.824500000000000455e+02,2.183541938718900610e+02
6.827200000000000273e+02,2.188489305615474336e+02
6.830000000000000000e+02,2.191890898146865538e+02
6.832699999999999818e+02,2.183235111486152391e+02
6.835399999999999636e+02,2.195324301234930147e+02
6.838200000000000500e+02,2.183176338736423361e+02
6.840900000000000318e+02,2.192838864826265137e+02
6.843600000000000136e+02,2.193347791584106687e+02
6.846399999999999864e+02,2.208769235034515361e+02
6.849099999999999682e+02,2.185134280597478096e+02
6.851799999999999500e+02,2.197288299754182503e+02
6.854600000000000364e+02,2.204939005735193120e+02
6.857300000000000182e+02,2.214067832762843864e+02
6.860000000000000000e+02,2.203919196708779396e+02
6.862799999999999727e+02,2.207005699434552923e+02
6.865499999999999545e+02,2.199832174059378360e+02
6.868200000000000500e+02,2.201865402083422225e+02
6.870900000000000318e+02,2.199206225940394859e+02
6.873700000000000045e+02,2.196426015845655968e+02
6.876399999999999864e+02,2.194168125106312459e+02
6.879099999999999682e+02,2.185699525946341737e+02
6.881900000000000546e+02,2.201951078547787404e+02
6.884600000000000364e+02,2.200075529069841593e+02
6.887300000000000182e+02,2.198010202574363916e+02
6.890099999999999909e+02,2.190611561223537933e+02
6.892799999999999727e+02,2.197427278621100868e+02
6.895499999999999545e+02,2.200371463347342740e+02
6.898300000000000409e+02,2.198375424571099188e+02
6.901000000000000227e+02,2.197084642174422697e+02
6.903700000000000045e+02,2.198668173054399233e+02
6.906499999999999773e+02,2.201648287864186386e+02
6.909199999999999591e+02,2.193479173538242435e+02
6.911900000000000546e+02,2.191623104939798736e+02
6.914700000000000273e+02,2.196115955734376541e+02
6.917400000000000091e+02,2.201097554536701466e+02
6.920099999999999909e+02,2.181967211233353794e+02
6.922799999999999727e+02,2.198127099768813935e+02
6.925599999999999454e+02,2.205787738037709289e+02
6.928300000000000409e+02,2.198440418404968284e+02
6.931000000000000227e+02,2.189793572188005726e+02
6.933799999999999955e+02,2.199872187699996289e+02
6.936499999999999773e+02,2.200079779221129286e+02
6.939199999999999591e+02,2.203662681759373640e+02
6.942000000000000455e+02,2.211229944780384074e+02
6.944700000000000273e+02,2.203741946304832027e+02
6.947400000000000091e+02,2.214021133839569018e+02
6.950199999999999818e+02,2.203438726844681810e+02
6.952899999999999636e+02,2.214427058434162632e+02
6.955599999999999454e+02,2.211434034279177183e+02
6.958400000000000318e+02,2.210737198133484185e+02
6.961100000000000136e+02,2.220730525814275040e+02
6.963799999999999955e+02,2.197005245148045560e+02
6.966599999999999682e+02,2.205197856366128235e+02
6.969299999999999500e+02,2.203522532236295604e+02
6.972000000000000455e+02,2.199455037756942772e+02
6.974700000000000273e+02,2.202572220593983729e+02
6.977500000000000000e+02,2.202983172539302075e+02
6.980199999999999818e+02,2.199295513038851766e+02
6.982899999999999636e+02,2.186827076303541730e+02
6.985700000000000500e+02,2.189813829458234693e+02
6.988400000000000318e+02,2.189625106658542109e+02
6.991100000000000136e+02,2.176310308039662402e+02
6.993899999999999864e+02,2.188939453670456885e+02
6.996599999999999682e+02,2.187474552864218822e+02
6.999299999999999500e+02,2.179298086382605391e+02
7.002100000000000364e+02,2.181531828308136483e+02
7.004800000000000182e+02,2.177545801127032519e+02
7.007500000000000000e+02,2.176459805957209142e+02
7.010299999999999727e+02,2.165335233705292239e+02
7.012999999999999545e+02,2.168048445949443988e+02
7.015700000000000500e+02,2.175606638697465769e+02
7.018500000000000227e+02,2.163450115815617210e+02
7.021200000000000045e+02,2.153240243014740543e+02
7.023899999999999864e+02,2.168298576074440405e+02
7.026699999999999591e+02,2.159597720437011219e+02
7.029400000000000546e+02,2.159249140961501894e+02
7.032100000000000364e+02,2.151237014097165741e+02
7.034900000000000091e+02,2.160032125383493735e+02
7.037599999999999909e+02,2.153104996439581384e+02
7.040299999999999727e+02,2.151341034445092362e+02
7.042999999999999545e+02,2.145683297298081982e+02
7.045800000000000409e+02,2.141338271729888731e+02
7.048500000000000227e+02,2.155664950751948084e+02
7.051200000000000045e+02,2.149491281804303355e+02
7.053999999999999773e+02,2.137758591013034106e+02
7.056699999999999591e+02,2.150086818787831078e+02
7.059400000000000546e+02,2.150087706075230756e+02
7.062200000000000273e+02,2.135420435837986020e+02
7.064900000000000091e+02,2.141040136313624487e+02
7.067599999999999909e+02,2.133882594561555379e+02
7.070399999999999636e+02,2.132562261253093254e+02
7.073099999999999454e+02,2.128571301818418533e+02
7.075800000000000409e+02,2.133290361860185556e+02
7.078600000000000136e+02,2.132492170640662721e+02
7.081299999999999955e+02,2.126258052634952094e+02
7.083999999999999773e+02,2.130780793935315955e+02
7.086799999999999500e+02,2.137248988873001281e+02
7.089500000000000455e+02,2.130857205807182595e+02
7.092200000000000273e+02,2.130346153280401609e+02
7.095000000000000000e+02,2.127825841294748841e+02
7.097699999999999818e+02,2.141245765598621631e+02
7.100399999999999636e+02,2.129555213679775534e+02
7.103200000000000500e+02,2.130470545874568984e+02
7.105900000000000318e+02,2.130297071493931185e+02
7.108600000000000136e+02,2.136447710562082989e+02
7.111399999999999864e+02,2.133416952456544493e+02
7.114099999999999682e+02,2.131189115214376386e+02
7.116799999999999500e+02,2.129476550681606000e+02
7.119500000000000455e+02,2.134395707728085085e+02
7.122300000000000182e+02,2.138336260484351783e+02
7.125000000000000000e+02,2.141360551567956918e+02
7.127699999999999818e+02,2.149620248900507136e+02
7.130499999999999545e+02,2.146249724961324716e+02
7.133200000000000500e+02,2.129503096782850946e+02
7.135900000000000318e+02,2.133189424461392036e+02
7.138700000000000045e+02,2.130861838115047817e+02
7.141399999999999864e+02,2.140411734759217381e+02
7.144099999999999682e+02,2.154797449938833722e+02
7.146900000000000546e+02,2.139544593210458743e+02
7.149600000000000364e+02,2.144853834330348548e+02
7.152300000000000182e+02,2.150146208812173541e+02
7.155099999999999909e+02,2.146301832413742261e+02
7.157799999999999727e+02,2.149408237532215651e+02
7.160499999999999545e+02,2.141694173576569824e+02
7.163300000000000409e+02,2.160457778399463393e+02
7.166000000000000227e+02,2.157224141207583159e+02
7.168700000000000045e+02,2.148202310014543173e+02
7.171499999999999773e+02,2.158602941731946316e+02
7.174199999999999591e+02,2.152903968746792032e+02
7.176900000000000546e+02,2.160079992599330865e+02
7.179700000000000273e+02,2.148187239347489026e+02
7.182400000000000091e+02,2.160771211665136491e+02
7.185099999999999909e+02,2.142617698102112911e+02
7.187899999999999636e+02,2.167516997411400723e+02
7.190599999999999454e+02,2.155295913143747271e+02
7.193300000000000409e+02,2.154550546353360403e+02
7.196100000000000136e+02,2.157774215206239887e+02
7.198799999999999955e+02,2.158328152162038975e+02
7.201499999999999773e+02,2.162459921323550702e+02
7.204299999999999500e+02,2.158338969947195380e+02
7.207000000000000455e+02,2.171382628306983236e+02
7.209700000000000273e+02,2.167855684119129762e+02
7.212500000000000000e+02,2.156294255225813572e+02
7.215199999999999818e+02,2.157158875049564983e+02
7.217899999999999636e+02,2.153984568020821655e+02
7.220599999999999454e+02,2.170641446187726729e+02
7.223400000000000318e+02,2.165732629478960689e+02
7.226100000000000136e+02,2.165287024611209006e+02
7.228799999999999955e+02,2.157137558158511297e+02
7.231599999999999682e+02,2.167328098083220027e+02
7.234299999999999500e+02,2.159035552149004786e+02
7.237000000000000455e+02,2.151883122098651882e+02
7.239800000000000182e+02,2.168895385783390566e+02
7.242500000000000000e+02,2.169554987335676515e+02
7.245199999999999818e+02,2.172916578420080214e+02
7.247999999999999545e+02,2.164078355401982776e+02
7.250700000000000500e+02,2.153469813655651137e+02
7.253400000000000318e+02,2.160955069413752767e+02
7.256200000000000045e+02,2.157388187978883991e+02
7.258899999999999864e+02,2.158522685385615887e+02
7.261599999999999682e+02,2.164386854834088183e+02
7.264400000000000546e+02,2.164134401401450134e+02
7.267100000000000364e+02,2.148569001302980155e+02
7.269800000000000182e+02,2.156775010436450088e+02
7.272599999999999909e+02,2.157314238119932668e+02
7.275299999999999727e+02,2.148557051537955545e+02
7.277999999999999545e+02,2.154376825161625106e+02
7.280800000000000409e+02,2.157569140357180402e+02
7.283500000000000227e+02,2.147906971490290289e+02
7.286200000000000045e+02,2.146062230222140386e+02
7.288999999999999773e+02,2.152983454509205785e+02
7.291699999999999591e+02,2.134659604339063890e+02
7.294400000000000546e+02,2.148822197749950362e+02
7.297200000000000273e+02,2.143772263909745277e+02
7.299900000000000091e+02,2.136211628217024838e+02
7.302599999999999909e+02,2.139644195868617089e+02
7.305399999999999636e+02,2.138327696730887055e+02
7.308099999999999454e+02,2.144981815846438735e+02
7.310800000000000409e+02,2.138532480768548112e+02
7.313600000000000136e+02,2.136142376660850175e+02
7.316299999999999955e+02,2.135092475310106579e+02
7.318999999999999773e+02,2.129598363124174512e+02
7.321799999999999500e+02,2.138247930291514081e+02
7.324500000000000455e+02,2.138112369047983350e+02
7.327200000000000273e+02,2.140876449098751948e+02
7.330000000000000000e+02,2.126449582705065495e+02
7.332699999999999818e+02,2.127696380853109304e+02
7.335399999999999636e+02,2.154329976303747856e+02
7.338200000000000500e+02,2.136142921990409604e+02
7.340900000000000318e+02,2.126146767957995678e+02
7.343600000000000136e+02,2.122535925235247589e+02
7.346399999999999864e+02,2.126842512562547824e+02
7.349099999999999682e+02,2.122029650541763317e+02
7.351799999999999500e+02,2.117680717474371761e+02
7.354600000000000364e+02,2.116851751000745878e+02
7.357300000000000182e+02,2.108608365409149883e+02
7.360000000000000000e+02,2.106994389227626527e+02
7.362799999999999727e+02,2.116678652500148985e+02
7.365499999999999545e+02,2.106667213077188308e+02
7.368200000000000500e+02,2.104160681970203370e+02
7.370900000000000318e+02,2.101211296144166454e+02
7.373700000000000045e+02,2.099060187865605940e+02
7.376399999999999864e+02,2.101933392075682718e+02
7.379099999999999682e+02,2.090364911480662329e+02
7.381900000000000546e+02,2.090461987425130417e+02
7.384600000000000364e+02,2.087988984259136771e+02
7.387300000000000182e+02,2.090263395112292528e+02
7.390099999999999909e+02,2.085324439858163714e+02
7.392799999999999727e+02,2.086115652511699352e+02
7.395499999999999545e+02,2.081442312493072109e+02
7.398300000000000409e+02,2.081837413061557527e+02
7.401000000000000227e+02,2.078062845756328443e+02
7.403700000000000045e+02,2.082676450658899228e+02
7.406499999999999773e+02,2.078806811316852645e+02
7.409199999999999591e+02,2.072261721716309921e+02
7.411900000000000546e+02,2.084767519674944936e+02
7.414700000000000273e+02,2.064383197916367294e+02
7.417400000000000091e+02,2.066641143877191666e+02
7.420099999999999909e+02,2.060287340620033945e+02
7.422899999999999636e+02,2.039576363441549631e+02
7.425599999999999454e+02,2.049999322930926553e+02
7.428300000000000409e+02,2.067802170890701063e+02
7.431100000000000136e+02,2.053977287749494565e+02
7.433799999999999955e+02,2.050428401657854351e+02
7.436499999999999773e+02,2.050794098339092102e+02
7.439299999999999500e+02,2.039354847453909372e+02
7.442000000000000455e+02,2.031794819969366017e+02
7.444700000000000273e+02,2.041835402853775747e+02
7.447500000000000000e+02,2.038509159710657457e+02
7.450199999999999818e+02,2.041325314871955925e+02
7.452899999999999636e+02,2.026189395756856015e+02
7.455700000000000500e+02,2.023036873116116681e+02
7.458400000000000318e+02,2.035450805242460035e+02
7.461100000000000136e+02,2.037250564970859159e+02
7.463899999999999864e+02,2.030236487839537745e+02
7.466599999999999682e+02,2.027187162263783762e+02
7.469299999999999500e+02,2.039811298215132069e+02
7.472100000000000364e+02,2.011766855030121803e+02
7.474800000000000182e+02,2.010596400541747926e+02
7.477500000000000000e+02,2.017372465426434189e+02
7.480299999999999727e+02,2.009865615019693337e+02
7.482999999999999545e+02,2.006293267872915749e+02
7.485700000000000500e+02,2.018273713920220018e+02
7.488500000000000227e+02,2.006557493470571103e+02
7.491200000000000045e+02,2.016107959501541131e+02
7.493899999999999864e+02,2.000998685793669551e+02
7.496699999999999591e+02,2.003827088261563176e+02
7.499400000000000546e+02,1.999581393592966094e+02
7.502100000000000364e+02,2.004600029424234151e+02
7.504900000000000091e+02,1.995366199194559442e+02
7.507599999999999909e+02,2.009465659953154386e+02
7.510299999999999727e+02,1.993217800094957113e+02
7.513099999999999454e+02,1.992540398464755924e+02
7.515800000000000409e+02,1.986802706113507782e+02
7.518500000000000227e+02,1.988035529446547116e+02
7.521299999999999955e+02,1.987086267308694687e+02
7.523999999999999773e+02,1.991644119477557240e+02
7.526699999999999591e+02,1.988427480652796646e+02
7.529500000000000455e+02,1.972113059291890522e+02
7.532200000000000273e+02,1.982613807088216618e+02
7.534900000000000091e+02,1.974447085751523048e+02
7.537699999999999818e+02,1.970206848092105929e+02
7.540399999999999636e+02,1.959871149093656300e+02
7.543099999999999454e+02,1.975418907350479287e+02
7.545900000000000318e+02,1.967481506535911819e+02
7.548600000000000136e+02,1.966514686816047970e+02
7.551299999999999955e+02,1.969111795518779218e+02
7.554099999999999682e+02,1.956693903872444196e+02
7.556799999999999500e+02,1.963394725906410372e+02
7.559500000000000455e+02,1.954243953303732440e+02
7.562300000000000182e+02,1.948841805349559024e+02
7.565000000000000000e+02,1.952120207904487188e+02
7.567699999999999818e+02,1.939615764464444112e+02
7.570499999999999545e+02,1.940904330392167765e+02
7.573200000000000500e+02,1.953535973609714347e+02
7.575900000000000318e+02,1.936332880756349937e+02
7.578700000000000045e+02,1.933559064742390490e+02
7.581399999999999864e+02,1.928178043926156420e+02
7.584099999999999682e+02,1.924293938667269686e+02
7.586900000000000546e+02,1.925316902171842059e+02
7.589600000000000364e+02,1.908117703744201776e+02
7.592300000000000182e+02,1.920269133916869748e+02
7.595099999999999909e+02,1.906654857908315819e+02
7.597799999999999727e+02,1.916495748751583221e+02
7.600499999999999545e+02,1.909970780527956720e+02
7.603300000000000409e+02,1.915546618838830000e+02
7.606000000000000227e+02,1.892604329529498273e+02
7.608700000000000045e+02,1.887731764501702969e+02
7.611499999999999773e+02,1.894111879232585807e+02
7.614199999999999591e+02,1.885387891783425403e+02
7.616900000000000546e+02,1.889047720463771611e+02
7.619700000000000273e+02,1.887035092171281576e+02
7.622400000000000091e+02,1.889621072664539838e+02
7.625099999999999909e+02,1.877631182761218724e+02
7.627899999999999636e+02,1.877225071268080114e+02
7.630599999999999454e+02,1.866731756751821649e+02
7.633300000000000409e+02,1.869854067833487363e+02
7.636100000000000136e+02,1.861549681281474875e+02
7.638799999999999955e+02,1.862431241808493212e+02
7.641499999999999773e+02,1.851215496956230595e+02
7.644299999999999500e+02,1.866726865110671270e+02
7.647000000000000455e+02,1.855269747638052991e+02
7.649700000000000273e+02,1.849471560479378240e+02
7.652500000000000000e+02,1.847920116935765975e+02
7.655199999999999818e+02,1.845540395544307160e+02
7.657899999999999636e+02,1.841338774386102557e+02
7.660700000000000500e+02,1.824031330164492601e+02
7.663400000000000318e+02,1.841081741353959558e+02
7.666100000000000136e+02,1.830788067453252097e+02
7.668899999999999864e+02,1.827967849972851866e+02
7.671599999999999682e+02,1.812526238839327277e+02
7.674299999999999500e+02,1.815126075018391134e+02
7.677100000000000364e+02,1.810392762306609313e+02
7.679800000000000182e+02,1.811178180989170414e+02
7.682500000000000000e+02,1.808734488752658081e+02
7.685299999999999727e+02,1.806601917336245151e+02
7.687999999999999545e+02,1.800692143841046970e+02
7.690700000000000500e+02,1.794281476052075845e+02
7.693500000000000227e+02,1.782797230106694144e+02
7.696200000000000045e+02,1.791558133932144585e+02
7.698899999999999864e+02,1.783770175682375623e+02
7.701699999999999591e+02,1.782958886942726053e+02
7.704400000000000546e+02,1.778905017015645171e+02
7.707100000000000364e+02,1.779327891122053416e+02
7.709900000000000091e+02,1.767940805708824996e+02
7.712599999999999909e+02,1.776269336343683278e+02
7.715299999999999727e+02,1.773511865119833431e+02
7.718099999999999454e+02,1.764203393099787434e+02
7.720800000000000409e+02,1.761084869520034886e+02
7.723500000000000227e+02,1.748214981712439169e+02
7.726299999999999955e+02,1.750613675399256977e+02
7.728999999999999773e+02,1.750301645884579216e+02
7.731699999999999591e+02,1.738751527786578492e+02
7.734500000000000455e+02,1.740520412494029472e+02
7.737200000000000273e+02,1.728882394279391406e+02
7.739900000000000091e+02,1.722933011795699372e+02
7.742699999999999818e+02,1.717173036127859120e+02
7.745399999999999636e+02,1.710497356930022477e+02
7.748099999999999454e+02,1.713364525048381495e+02
7.750900000000000318e+02,1.705881810041951780e+02
7.753600000000000136e+02,1.701867652228737597e+02
7.756299999999999955e+02,1.688368652883363268e+02
7.759099999999999682e+02,1.691171745936901800e+02
7.761799999999999500e+02,1.679585599551656969e+02
7.764500000000000455e+02,1.674125093306998338e+02
7.767300000000000182e+02,1.669723005941972076e+02
7.770000000000000000e+02,1.656338770101744160e+02
7.772699999999999818e+02,1.660101018149396168e+02
7.775499999999999545e+02,1.653252099146953640e+02
7.778200000000000500e+02,1.633993709473886327e+02
7.780900000000000318e+02,1.647653740582240687e+02
7.783700000000000045e+02,1.639731315525864943e+02
7.786399999999999864e+02,1.616979644462716692e+02
7.789099999999999682e+02,1.626545371898461099e+02
7.791900000000000546e+02,1.618182582655388728e+02
7.794600000000000364e+02,1.610154539525930488e+02
7.797300000000000182e+02,1.603003582423267517e+02
7.800099999999999909e+02,1.598986612935006519e+02
7.802799999999999727e+02,1.581213567938050630e+02
7.805499999999999545e+02,1.586469985536716649e+02
7.808300000000000409e+02,1.566241446140361973e+02
7.811000000000000227e+02,1.565646025066769198e+02
7.813799999999999955e+02,1.550119127662295284e+02
7.816499999999999773e+02,1.543335686727868961e+02
7.819199999999999591e+02,1.542888698853704454e+02
7.822000000000000455e+02,1.541890528192723764e+02
7.824700000000000273e+02,1.534047179518551332e+02
7.827400000000000091e+02,1.537487237833695417e+02
7.830199999999999818e+02,1.534682400580993260e+02
7.832899999999999636e+02,1.530982167703317032e+02
7.835599999999999454e+02,1.521978440286339946e+02
7.838400000000000318e+02,1.521370476105319938e+02
7.841100000000000136e+02,1.517215083874139907e+02
7.843799999999999955e+02,1.499355090393299008e+02
7.846599999999999682e+02,1.502258895273183725e+02
7.849299999999999500e+02,1.501498662221494840e+02
7.852000000000000455e+02,1.496304213377652559e+02
7.854800000000000182e+02,1.487346212048521465e+02
7.857500000000000000e+02,1.485766928441518644e+02
7.860199999999999818e+02,1.476664673391848055e+02
7.862999999999999545e+02,1.477066322545080084e+02
7.865700000000000500e+02,1.474906793037179966e+02
7.868400000000000318e+02,1.459418237419134527e+02
7.871200000000000045e+02,1.465188185706787181e+02
7.873899999999999864e+02,1.454852786614311242e+02
7.876599999999999682e+02,1.447624977826357906e+02
7.879400000000000546e+02,1.450661965004671856e+02
7.882100000000000364e+02,1.435524217455321434e+02
7.884800000000000182e+02,1.434371480805280612e+02
7.887599999999999909e+02,1.435995027982694694e+02
7.890299999999999727e+02,1.426940285231058851e+02
7.892999999999999545e+02,1.422382892791754045e+02
7.895800000000000409e+02,1.418952939499933450e+02
7.898500000000000227e+02,1.406537966897124363e+02
7.901200000000000045e+02,1.414347097722606463e+02
7.903999999999999773e+02,1.400498501913751568e+02
7.906699999999999591e+02,1.393768686166935424e+02
7.909400000000000546e+02,1.392787609558980932e+02
7.912200000000000273e+02,1.390114037957997084e+02
7.914900000000000091e+02,1.386336343678584910e+02
7.917599999999999909e+02,1.381517089438718244e+02
7.920399999999999636e+02,1.377932470276775234e+02
7.923099999999999454e+02,1.377205260294732909e+02
7.925800000000000409e+02,1.365088995666569929e+02
7.928600000000000136e+02,1.368267638276433900e+02
7.931299999999999955e+02,1.366276845049683857e+02
7.933999999999999773e+02,1.360351741700495154e+02
7.936799999999999500e+02,1.346053153453280800e+02
7.939500000000000455e+02,1.346288454551987286e+02
7.942200000000000273e+02,1.334055038956653050e+02
7.945000000000000000e+02,1.339090458435182995e+02
7.947699999999999818e+02,1.331038447171448524e+02
7.950399999999999636e+02,1.328526501541984430e+02
7.953200000000000500e+02,1.316426818694593237e+02
7.955900000000000318e+02,1.311410477094675286e+02
7.958600000000000136e+02,1.316495591149268307e+02
7.961399999999999864e+02,1.303532850716647431e+02
7.964099999999999682e+02,1.308156845649847924e+02
7.966799999999999500e+02,1.301570528902466890e+02
7.969600000000000364e+02,1.299511587531590351e+02
7.972300000000000182e+02,1.295115350023529857e+02
7.975000000000000000e+02,1.296423496987208068e+02
7.977799999999999727e+02,1.289484020753432674e+02
7.980499999999999545e+02,1.290567423987016582e+02
7.983200000000000500e+02,1.277911996959374648e+02
7.986000000000000227e+02,1.273396836937326810e+02
7.988700000000000045e+02,1.273360542735984495e+02
7.991399999999999864e+02,1.272192551556934745e+02
7.994199999999999591e+02,1.274817813007400673e+02
7.996900000000000546e+02,1.275230643637108585e+02
7.999600000000000364e+02,1.260305666655386574e+02
8.002400000000000091e+02,1.257978425975957180e+02
8.005099999999999909e+02,1.259307400890052975e+02
8.007799999999999727e+02,1.254114194062763374e+02
8.010599999999999454e+02,1.252025159850858955e+02
8.013300000000000409e+02,1.256158929684190326e+02
8.016100000000000136e+02,1.250710928876918189e+02
8.018799999999999955e+02,1.260319404454532162e+02
8.021499999999999773e+02,1.249227849318237986e+02
8.024299999999999500e+02,1.251061970934895697e+02
8.027000000000000455e+02,1.245134704194793613e+02
8.029700000000000273e+02,1.241113936431307394e+02
8.032500000000000000e+02,1.244063033775953073e+02
8.035199999999999818e+02,1.234382212189253210e+02
8.037899999999999636e+02,1.237603273040484737e+02
8.040700000000000500e+02,1.235332399156895775e+02
8.043400000000000318e+02,1.224583722357079978e+02
8.046100000000000136e+02,1.226807772490497115e+02
8.048899999999999864e+02,1.226545502116796200e+02
8.051599999999999682e+02,1.221693800072669944e+02
8.054299999999999500e+02,1.223912840998383018e+02
8.057100000000000364e+02,1.216931591663452394e+02
8.059800000000000182e+02,1.220581380122017237e+02
8.062500000000000000e+02,1.214326367937131153e+02
8.065299999999999727e+02,1.216714077000732743e+02
8.067999999999999545e+02,1.217059700198038428e+02
8.070700000000000500e+02,1.208416545224020524e+02
8.073500000000000227e+02,1.214634206845607167e+02
8.076200000000000045e+02,1.207324282623944072e+02
8.078899999999999864e+02,1.208660611354466852e+02
8.081699999999999591e+02,1.201433853518937553e+02
8.084400000000000546e+02,1.208005784630436068e+02
8.087100000000000364e+02,1.206613785574941886e+02
8.089900000000000091e+02,1.201696138697277405e+02
8.092599999999999909e+02,1.206615882522017387e+02
8.095299999999999727e+02,1.200887063956367484e+02
8.098099999999999454e+02,1.201845967953813101e+02
8.100800000000000409e+02,1.206532362055740606e+02
8.103500000000000227e+02,1.213697241559157192e+02
8.106299999999999955e+02,1.208153280805480563e+02
8.108999999999999773e+02,1.211413667683053035e+02
8.111699999999999591e+02,1.212186265497556974e+02
8.114500000000000455e+02,1.210539460702229491e+02
8.117200000000000273e+02,1.212817568785159494e+02
8.119900000000000091e+02,1.216488292719267861e+02
8.122699999999999818e+02,1.220747970873848232e+02
8.125399999999999636e+02,1.209489937501295174e+02
8.128099999999999454e+02,1.217224164095786563e+02
8.130900000000000318e+02,1.213011607654405566e+02
8.133600000000000136e+02,1.212383835577897031e+02
8.136299999999999955e+02,1.212504946368234471e+02
8.139099999999999682e+02,1.213539069835932196e+02
8.141799999999999500e+02,1.211632824853370778e+02
8.144500000000000455e+02,1.211860137104789317e+02
8.147300000000000182e+02,1.225549635258715284e+02
8.150000000000000000e+02,1.222467323514936055e+02
8.152699999999999818e+02,1.220452740995661571e+02
8.155499999999999545e+02,1.221470374446527956e+02
8.158200000000000500e+02,1.226981635881612789e+02
8.160900000000000318e+02,1.228883378073859660e+02
8.163700000000000045e+02,1.230733711605655856e+02
8.166399999999999864e+02,1.229248032037571363e+02
8.169099999999999682e+02,1.233250545849962521e+02
8.171900000000000546e+02,1.240779918446600760e+02
8.174600000000000364e+02,1.242761631623900627e+02
8.177400000000000091e+02,1.240695669089629547e+02
8.180099999999999909e+02,1.249920929846889379e+02
8.182799999999999727e+02,1.254824601426905417e+02
8.185599999999999454e+02,1.253799806725742911e+02
8.188300000000000409e+02,1.248112461737129024e+02
8.191000000000000227e+02,1.256872588095967274e+02
8.193799999999999955e+02,1.262326993605089598e+02
8.196499999999999773e+02,1.265521157270272425e+02
8.199199999999999591e+02,1.254526067972423675e+02
8.202000000000000455e+02,1.273195275489864002e+02
8.204700000000000273e+02,1.272205161675846625e+02
8.207400000000000091e+02,1.271944590334758516e+02
8.210199999999999818e+02,1.272363206456874849e+02
8.212899999999999636e+02,1.277289792211293076e+02
8.215599999999999454e+02,1.283657070498724693e+02
8.218400000000000318e+02,1.281783794312565306e+02
8.221100000000000136e+02,1.283065190451540047e+02
8.223799999999999955e+02,1.281760846713108037e+02
8.226599999999999682e+02,1.290112439844253629e+02
8.229299999999999500e+02,1.283441838830350719e+02
8.232000000000000455e+02,1.287084551442924862e+02
8.234800000000000182e+02,1.296844764496395328e+02
8.237500000000000000e+02,1.302007843078582994e+02
8.240199999999999818e+02,1.305722730209409974e+02
8.242999999999999545e+02,1.310406689373862434e+02
8.245700000000000500e+02,1.310723508466783755e+02
8.248400000000000318e+02,1.313803472850909486e+02
8.251200000000000045e+02,1.314782665804360988e+02
8.253899999999999864e+02,1.321836073698535472e+02
8.256599999999999682e+02,1.325813429525922800e+02
8.259400000000000546e+02,1.331364319755024326e+02
8.262100000000000364e+02,1.340619698273734173e+02
8.264800000000000182e+02,1.338155614485129661e+02
8.267599999999999909e+02,1.333410642091439513e+02
8.270299999999999727e+02,1.336441504048621596e+02
8.272999999999999545e+02,1.354275832869461169e+02
8.275800000000000409e+02,1.349224036056438365e+02
8.278500000000000227e+02,1.351318345490612103e+02
8.281200000000000045e+02,1.358667016433752792e+02
8.283999999999999773e+02,1.364940188744203340e+02
8.286699999999999591e+02,1.370746199230814852e+02
8.289400000000000546e+02,1.373818265137572610e+02
8.292200000000000273e+02,1.372603144094081813e+02
8.294900000000000091e+02,1.382911416887933740e+02
8.297599999999999909e+02,1.397219848478059987e+02
8.300399999999999636e+02,1.392067607530821078e+02
8.303099999999999454e+02,1.403027332703325953e+02
8.305800000000000409e+02,1.399233272046937770e+02
8.308600000000000136e+02,1.404806208018305256e+02
8.311299999999999955e+02,1.411119289547768005e+02
8.313999999999999773e+02,1.413323169064918545e+02
8.316799999999999500e+02,1.423555823021827962e+02
8.319500000000000455e+02,1.432623145707289041e+02
8.322300000000000182e+02,1.430562693309632607e+02
8.325000000000000000e+02,1.440201760806547497e+02
8.327699999999999818e+02,1.437096155925131598e+02
8.330499999999999545e+02,1.451126262145129147e+02
8.333200000000000500e+02,1.455258916763891079e+02
8.335900000000000318e+02,1.451255271028981895e+02
8.338700000000000045e+02,1.455326640487021734e+02
8.341399999999999864e+02,1.463597347697744055e+02
8.344099999999999682e+02,1.462463050689785575e+02
8.346900000000000546e+02,1.466214389994298131e+02
8.349600000000000364e+02,1.463994574858194540e+02
