1  384.39  595.00
2  384.67  584.00
3  384.94  588.00
4  385.21  588.00
5  385.48  593.00
6  385.76  590.00
7  386.03  590.00
8  386.30  590.00
9  386.57  594.00
10  386.84  589.00
11  387.12  589.00
12  387.39  590.00
13  387.66  590.00
14  387.93  587.00
15  388.21  591.00
16  388.48  594.00
17  388.75  592.00
18  389.02  597.00
19  389.30  588.00
20  389.57  589.00
21  389.84  592.00
22  390.11  598.00
23  390.38  586.00
24  390.66  593.00
25  390.93  589.00
26  391.20  590.00
27  391.47  588.00
28  391.75  583.00
29  392.02  594.00
30  392.29  592.00
31  392.56  589.00
32  392.84  593.00
33  393.11  591.00
34  393.38  592.00
35  393.65  590.00
36  393.93  594.00
37  394.20  593.00
38  394.47  595.00
39  394.74  592.00
40  395.02  593.00
41  395.29  593.00
42  395.56  593.00
43  395.83  595.00
44  396.10  590.00
45  396.38  592.00
46  396.65  593.00
47  396.92  594.00
48  397.19  595.00
49  397.47  598.00
50  397.74  596.00
51  398.01  594.00
52  398.28  593.00
53  398.56  596.00
54  398.83  600.00
55  399.10  591.00
56  399.37  592.00
57  399.65  596.00
58  399.92  599.00
59  400.19  596.00
60  400.46  599.00
61  400.74  594.00
62  401.01  595.00
63  401.28  601.00
64  401.55  596.00
65  401.83  598.00
66  402.10  595.00
67  402.37  596.00
68  402.64  599.00
69  402.92  598.00
70  403.19  597.00
71  403.46  597.00
72  403.73  594.00
73  404.01  604.00
74  404.28  600.00
75  404.55  595.00
76  404.82  606.00
77  405.10  603.00
78  405.37  602.00
79  405.64  599.00
80  405.91  603.00
81  406.19  604.00
82  406.46  599.00
83  406.73  605.00
84  407.00  603.00
85  407.28  603.00
86  407.55  598.00
87  407.82  600.00
88  408.09  602.00
89  408.37  604.00
90  408.64  604.00
91  408.91  601.00
92  409.18  604.00
93  409.46  597.00
94  409.73  598.00
95  410.00  604.00
96  410.27  605.00
97  410.55  608.00
98  410.82  606.00
99  411.09  603.00
100  411.36  608.00
101  411.64  606.00
102  411.91  607.00
103  412.18  608.00
104  412.46  613.00
105  412.73  606.00
106  413.00  612.00
107  413.27  605.00
108  413.55  606.00
109  413.82  611.00
110  414.09  612.00
111  414.36  608.00
112  414.64  605.00
113  414.91  610.00
114  415.18  607.00
115  415.45  609.00
116  415.73  613.00
117  416.00  612.00
118  416.27  606.00
119  416.54  609.00
120  416.82  613.00
121  417.09  611.00
122  417.36  607.00
123  417.64  609.00
124  417.91  613.00
125  418.18  617.00
126  418.45  608.00
127  418.73  615.00
128  419.00  606.00
129  419.27  612.00
130  419.54  614.00
131  419.82  618.00
132  420.09  614.00
133  420.36  614.00
134  420.63  621.00
135  420.91  618.00
136  421.18  618.00
137  421.45  622.00
138  421.73  618.00
139  422.00  618.00
140  422.27  618.00
141  422.54  618.00
142  422.82  618.00
143  423.09  621.00
144  423.36  624.00
145  423.63  620.00
146  423.91  622.00
147  424.18  619.00
148  424.45  624.00
149  424.72  625.00
150  425.00  625.00
151  425.27  629.00
152  425.54  626.00
153  425.82  618.00
154  426.09  621.00
155  426.36  619.00
156  426.63  631.00
157  426.91  623.00
158  427.18  627.00
159  427.45  622.00
160  427.72  623.00
161  428.00  622.00
162  428.27  627.00
163  428.54  634.00
164  428.82  623.00
165  429.09  626.00
166  429.36  629.00
167  429.63  621.00
168  429.91  625.00
169  430.18  630.00
170  430.45  628.00
171  430.73  623.00
172  431.00  627.00
173  431.27  631.00
174  431.54  627.00
175  431.82  639.00
176  432.09  640.00
177  432.36  636.00
178  432.63  631.00
179  432.91  635.00
180  433.18  629.00
181  433.45  633.00
182  433.73  636.00
183  434.00  641.00
184  434.27  637.00
185  434.54  636.00
186  434.82  638.00
187  435.09  641.00
188  435.36  640.00
189  435.64  637.00
190  435.91  635.00
191  436.18  641.00
192  436.45  644.00
193  436.73  643.00
194  437.00  637.00
195  437.27  644.00
196  437.55  648.00
197  437.82  659.00
198  438.09  655.00
199  438.36  640.00
200  438.64  645.00
201  438.91  646.00
202  439.18  651.00
203  439.46  649.00
204  439.73  651.00
205  440.00  655.00
206  440.27  662.00
207  440.55  657.00
208  440.82  662.00
209  441.09  665.00
210  441.37  656.00
211  441.64  657.00
212  441.91  664.00
213  442.18  665.00
214  442.46  657.00
215  442.73  656.00
216  443.00  668.00
217  443.28  664.00
218  443.55  679.00
219  443.82  666.00
220  444.09  669.00
221  444.37  675.00
222  444.64  668.00
223  444.91  673.00
224  445.19  676.00
225  445.46  679.00
226  445.73  678.00
227  446.00  676.00
228  446.28  683.00
229  446.55  684.00
230  446.82  681.00
231  447.10  682.00
232  447.37  684.00
233  447.64  683.00
234  447.92  682.00
235  448.19  690.00
236  448.46  690.00
237  448.73  696.00
238  449.01  706.00
239  449.28  698.00
240  449.55  695.00
241  449.83  695.00
242  450.10  698.00
243  450.37  693.00
244  450.64  699.00
245  450.92  709.00
246  451.19  704.00
247  451.46  710.00
248  451.74  707.00
249  452.01  701.00
250  452.28  704.00
251  452.56  709.00
252  452.83  707.00
253  453.10  715.00
254  453.37  720.00
255  453.65  715.00
256  453.92  718.00
257  454.19  723.00
258  454.47  724.00
259  454.74  720.00
260  455.01  727.00
261  455.29  733.00
262  455.56  720.00
263  455.83  726.00
264  456.10  728.00
265  456.38  730.00
266  456.65  732.00
267  456.92  722.00
268  457.20  730.00
269  457.47  726.00
270  457.74  737.00
271  458.02  730.00
272  458.29  730.00
273  458.56  727.00
274  458.84  729.00
275  459.11  738.00
276  459.38  748.00
277  459.65  743.00
278  459.93  743.00
279  460.20  736.00
280  460.47  737.00
281  460.75  737.00
282  461.02  744.00
283  461.29  749.00
284  461.57  758.00
285  461.84  748.00
286  462.11  752.00
287  462.38  744.00
288  462.66  746.00
289  462.93  752.00
290  463.20  759.00
291  463.48  756.00
292  463.75  754.00
293  464.02  751.00
294  464.30  765.00
295  464.57  764.00
296  464.84  764.00
297  465.12  764.00
298  465.39  759.00
299  465.66  763.00
300  465.94  756.00
301  466.21  769.00
302  466.48  781.00
303  466.75  779.00
304  467.03  775.00
305  467.30  778.00
306  467.57  780.00
307  467.85  782.00
308  468.12  780.00
309  468.39  782.00
310  468.67  786.00
311  468.94  789.00
312  469.21  800.00
313  469.49  798.00
314  469.76  794.00
315  470.03  789.00
316  470.31  800.00
317  470.58  794.00
318  470.85  801.00
319  471.12  800.00
320  471.40  801.00
321  471.67  808.00
322  471.94  807.00
323  472.22  826.00
324  472.49  822.00
325  472.76  815.00
326  473.04  835.00
327  473.31  826.00
328  473.58  828.00
329  473.86  829.00
330  474.13  834.00
331  474.40  827.00
332  474.68  826.00
333  474.95  842.00
334  475.22  848.00
335  475.50  828.00
336  475.77  846.00
337  476.04  851.00
338  476.32  848.00
339  476.59  850.00
340  476.86  850.00
341  477.13  860.00
342  477.41  864.00
343  477.68  845.00
344  477.95  866.00
345  478.23  862.00
346  478.50  863.00
347  478.77  853.00
348  479.05  867.00
349  479.32  869.00
350  479.59  873.00
351  479.87  860.00
352  480.14  873.00
353  480.41  884.00
354  480.69  890.00
355  480.96  882.00
356  481.23  880.00
357  481.51  885.00
358  481.78  878.00
359  482.05  897.00
360  482.33  897.00
361  482.60  903.00
362  482.87  899.00
363  483.15  895.00
364  483.42  900.00
365  483.69  908.00
366  483.97  917.00
367  484.24  913.00
368  484.51  920.00
369  484.79  920.00
370  485.06  928.00
371  485.33  928.00
372  485.61  925.00
373  485.88  930.00
374  486.15  943.00
375  486.43  939.00
376  486.70  945.00
377  486.97  945.00
378  487.25  955.00
379  487.52  960.00
380  487.79  952.00
381  488.07  964.00
382  488.34  972.00
383  488.61  963.00
384  488.88  974.00
385  489.16  976.00
386  489.43  987.00
387  489.70  996.00
388  489.98  1000.00
389  490.25  999.00
390  490.52  998.00
391  490.80  1004.00
392  491.07  1014.00
393  491.34  1019.00
394  491.62  1004.00
395  491.89  1023.00
396  492.16  1041.00
397  492.44  1030.00
398  492.71  1032.00
399  492.98  1051.00
400  493.26  1036.00
401  493.53  1034.00
402  493.80  1051.00
403  494.08  1052.00
404  494.35  1053.00
405  494.62  1076.00
406  494.90  1062.00
407  495.17  1073.00
408  495.45  1066.00
409  495.72  1074.00
410  495.99  1070.00
411  496.27  1090.00
412  496.54  1091.00
413  496.81  1087.00
414  497.09  1102.00
415  497.36  1084.00
416  497.63  1085.00
417  497.91  1109.00
418  498.18  1106.00
419  498.45  1118.00
420  498.73  1112.00
421  499.00  1124.00
422  499.27  1118.00
423  499.55  1120.00
424  499.82  1137.00
425  500.09  1137.00
426  500.37  1149.00
427  500.64  1153.00
428  500.91  1150.00
429  501.19  1173.00
430  501.46  1155.00
431  501.73  1154.00
432  502.01  1161.00
433  502.28  1164.00
434  502.55  1161.00
435  502.83  1167.00
436  503.10  1178.00
437  503.37  1178.00
438  503.65  1184.00
439  503.92  1181.00
440  504.19  1200.00
441  504.47  1196.00
442  504.74  1207.00
443  505.01  1209.00
444  505.29  1211.00
445  505.56  1217.00
446  505.83  1230.00
447  506.11  1230.00
448  506.38  1226.00
449  506.65  1245.00
450  506.93  1228.00
451  507.20  1250.00
452  507.48  1240.00
453  507.75  1250.00
454  508.02  1238.00
455  508.30  1258.00
456  508.57  1259.00
457  508.84  1275.00
458  509.12  1275.00
459  509.39  1277.00
460  509.66  1262.00
461  509.94  1279.00
462  510.21  1289.00
463  510.48  1294.00
464  510.76  1292.00
465  511.03  1305.00
466  511.30  1305.00
467  511.58  1312.00
468  511.85  1314.00
469  512.12  1305.00
470  512.40  1312.00
471  512.67  1339.00
472  512.94  1324.00
473  513.22  1348.00
474  513.49  1331.00
475  513.77  1352.00
476  514.04  1349.00
477  514.31  1360.00
478  514.59  1369.00
479  514.86  1368.00
480  515.13  1368.00
481  515.41  1376.00
482  515.68  1382.00
483  515.95  1382.00
484  516.23  1387.00
485  516.50  1395.00
486  516.77  1388.00
487  517.05  1397.00
488  517.32  1407.00
489  517.59  1439.00
490  517.87  1408.00
491  518.14  1422.00
492  518.42  1415.00
493  518.69  1420.00
494  518.96  1451.00
495  519.24  1424.00
496  519.51  1436.00
497  519.78  1452.00
498  520.06  1461.00
499  520.33  1454.00
500  520.60  1462.00
501  520.88  1468.00
502  521.15  1467.00
503  521.42  1492.00
504  521.70  1502.00
505  521.97  1526.00
506  522.25  1531.00
507  522.52  1518.00
508  522.79  1523.00
509  523.07  1517.00
510  523.34  1540.00
511  523.61  1551.00
512  523.89  1549.00
513  524.16  1553.00
514  524.43  1567.00
515  524.71  1563.00
516  524.98  1588.00
517  525.25  1584.00
518  525.53  1593.00
519  525.80  1601.00
520  526.08  1624.00
521  526.35  1605.00
522  526.62  1629.00
523  526.90  1620.00
524  527.17  1636.00
525  527.44  1647.00
526  527.72  1648.00
527  527.99  1654.00
528  528.26  1650.00
529  528.54  1686.00
530  528.81  1678.00
531  529.09  1691.00
532  529.36  1682.00
533  529.63  1675.00
534  529.91  1690.00
535  530.18  1720.00
536  530.45  1719.00
537  530.73  1729.00
538  531.00  1743.00
539  531.27  1735.00
540  531.55  1736.00
541  531.82  1760.00
542  532.10  1748.00
543  532.37  1761.00
544  532.64  1792.00
545  532.92  1768.00
546  533.19  1794.00
547  533.46  1797.00
548  533.74  1797.00
549  534.01  1795.00
550  534.28  1821.00
551  534.56  1807.00
552  534.83  1843.00
553  535.11  1822.00
554  535.38  1851.00
555  535.65  1822.00
556  535.93  1864.00
557  536.20  1864.00
558  536.47  1870.00
559  536.75  1867.00
560  537.02  1857.00
561  537.30  1851.00
562  537.57  1868.00
563  537.84  1885.00
564  538.12  1894.00
565  538.39  1887.00
566  538.66  1896.00
567  538.94  1881.00
568  539.21  1907.00
569  539.48  1913.00
570  539.76  1932.00
571  540.03  1908.00
572  540.31  1910.00
573  540.58  1898.00
574  540.85  1947.00
575  541.13  1917.00
576  541.40  1926.00
577  541.67  1950.00
578  541.95  1935.00
579  542.22  1931.00
580  542.50  1951.00
581  542.77  1937.00
582  543.04  1949.00
583  543.32  1963.00
584  543.59  1952.00
585  543.86  1989.00
586  544.14  1964.00
587  544.41  1964.00
588  544.69  1989.00
589  544.96  1963.00
590  545.23  1989.00
591  545.51  2010.00
592  545.78  2010.00
593  546.05  1988.00
594  546.33  1977.00
595  546.60  2002.00
596  546.88  2000.00
597  547.15  1995.00
598  547.42  1996.00
599  547.70  2019.00
600  547.97  2011.00
601  548.24  2033.00
602  548.52  2028.00
603  548.79  2028.00
604  549.07  2018.00
605  549.34  2014.00
606  549.61  2024.00
607  549.89  2003.00
608  550.16  2017.00
609  550.43  2030.00
610  550.71  2013.00
611  550.98  2041.00
612  551.26  2022.00
613  551.53  2061.00
614  551.80  2051.00
615  552.08  2028.00
616  552.35  2061.00
617  552.62  2036.00
618  552.90  2050.00
619  553.17  2036.00
620  553.45  2050.00
621  553.72  2044.00
622  553.99  2088.00
623  554.27  2073.00
624  554.54  2053.00
625  554.82  2093.00
626  555.09  2088.00
627  555.36  2082.00
628  555.64  2079.00
629  555.91  2078.00
630  556.18  2101.00
631  556.46  2100.00
632  556.73  2106.00
633  557.01  2088.00
634  557.28  2128.00
635  557.55  2096.00
636  557.83  2120.00
637  558.10  2151.00
638  558.38  2154.00
639  558.65  2112.00
640  558.92  2138.00
641  559.20  2156.00
642  559.47  2156.00
643  559.74  2149.00
644  560.02  2170.00
645  560.29  2178.00
646  560.57  2149.00
647  560.84  2203.00
648  561.11  2186.00
649  561.39  2194.00
650  561.66  2181.00
651  561.94  2218.00
652  562.21  2208.00
653  562.48  2239.00
654  562.76  2223.00
655  563.03  2239.00
656  563.30  2254.00
657  563.58  2255.00
658  563.85  2248.00
659  564.13  2262.00
660  564.40  2279.00
661  564.67  2302.00
662  564.95  2294.00
663  565.22  2288.00
664  565.50  2313.00
665  565.77  2332.00
666  566.04  2345.00
667  566.32  2362.00
668  566.59  2352.00
669  566.86  2371.00
670  567.14  2373.00
671  567.41  2381.00
672  567.69  2430.00
673  567.96  2421.00
674  568.23  2432.00
675  568.51  2451.00
676  568.78  2467.00
677  569.06  2458.00
678  569.33  2464.00
679  569.60  2481.00
680  569.88  2462.00
681  570.15  2478.00
682  570.43  2527.00
683  570.70  2501.00
684  570.97  2529.00
685  571.25  2530.00
686  571.52  2536.00
687  571.80  2585.00
688  572.07  2571.00
689  572.34  2572.00
690  572.62  2586.00
691  572.89  2607.00
692  573.16  2608.00
693  573.44  2627.00
694  573.71  2626.00
695  573.99  2665.00
696  574.26  2661.00
697  574.53  2671.00
698  574.81  2703.00
699  575.08  2688.00
700  575.36  2689.00
701  575.63  2744.00
702  575.90  2734.00
703  576.18  2751.00
704  576.45  2766.00
705  576.73  2737.00
706  577.00  2755.00
707  577.27  2761.00
708  577.55  2796.00
709  577.82  2797.00
710  578.10  2810.00
711  578.37  2845.00
712  578.64  2828.00
713  578.92  2852.00
714  579.19  2880.00
715  579.47  2890.00
716  579.74  2854.00
717  580.01  2888.00
718  580.29  2929.00
719  580.56  2920.00
720  580.84  2933.00
721  581.11  2958.00
722  581.38  2964.00
723  581.66  2982.00
724  581.93  2990.00
725  582.21  2970.00
726  582.48  3032.00
727  582.75  3017.00
728  583.03  3026.00
729  583.30  3057.00
730  583.58  3057.00
731  583.85  3063.00
732  584.12  3092.00
733  584.40  3093.00
734  584.67  3093.00
735  584.95  3117.00
736  585.22  3114.00
737  585.49  3155.00
738  585.77  3194.00
739  586.04  3173.00
740  586.32  3188.00
741  586.59  3193.00
742  586.86  3218.00
743  587.14  3212.00
744  587.41  3236.00
745  587.69  3265.00
746  587.96  3256.00
747  588.23  3261.00
748  588.51  3331.00
749  588.78  3324.00
750  589.06  3337.00
751  589.33  3336.00
752  589.60  3373.00
753  589.88  3398.00
754  590.15  3411.00
755  590.43  3417.00
756  590.70  3431.00
757  590.97  3422.00
758  591.25  3464.00
759  591.52  3500.00
760  591.80  3492.00
761  592.07  3500.00
762  592.34  3534.00
763  592.62  3513.00
764  592.89  3558.00
765  593.17  3564.00
766  593.44  3574.00
767  593.71  3580.00
768  593.99  3610.00
769  594.26  3635.00
770  594.54  3617.00
771  594.81  3617.00
772  595.08  3654.00
773  595.36  3716.00
774  595.63  3711.00
775  595.91  3712.00
776  596.18  3737.00
777  596.46  3709.00
778  596.73  3724.00
779  597.00  3758.00
780  597.28  3781.00
781  597.55  3770.00
782  597.83  3825.00
783  598.10  3813.00
784  598.37  3797.00
785  598.65  3819.00
786  598.92  3832.00
787  599.20  3860.00
788  599.47  3896.00
789  599.74  3842.00
790  600.02  3886.00
791  600.29  3882.00
792  600.56  3916.00
793  600.84  3894.00
794  601.11  3905.00
795  601.38  3916.00
796  601.65  3916.00
797  601.93  3943.00
798  602.20  3968.00
799  602.47  3921.00
800  602.75  3984.00
801  603.02  3981.00
802  603.29  3971.00
803  603.56  3956.00
804  603.84  4018.00
805  604.11  3978.00
806  604.38  4005.00
807  604.66  4039.00
808  604.93  4052.00
809  605.20  3981.00
810  605.47  4087.00
811  605.75  4041.00
812  606.02  4052.00
813  606.29  4056.00
814  606.56  4077.00
815  606.84  4108.00
816  607.11  4062.00
817  607.38  4074.00
818  607.66  4118.00
819  607.93  4118.00
820  608.20  4096.00
821  608.47  4134.00
822  608.75  4131.00
823  609.02  4175.00
824  609.29  4153.00
825  609.57  4160.00
826  609.84  4192.00
827  610.11  4213.00
828  610.38  4224.00
829  610.66  4176.00
830  610.93  4214.00
831  611.20  4246.00
832  611.48  4251.00
833  611.75  4245.00
834  612.02  4235.00
835  612.29  4281.00
836  612.57  4288.00
837  612.84  4281.00
838  613.11  4318.00
839  613.38  4343.00
840  613.66  4330.00
841  613.93  4364.00
842  614.20  4387.00
843  614.48  4380.00
844  614.75  4416.00
845  615.02  4410.00
846  615.29  4442.00
847  615.57  4439.00
848  615.84  4486.00
849  616.11  4501.00
850  616.39  4506.00
851  616.66  4496.00
852  616.93  4509.00
853  617.20  4582.00
854  617.48  4588.00
855  617.75  4572.00
856  618.02  4582.00
857  618.30  4616.00
858  618.57  4656.00
859  618.84  4641.00
860  619.11  4642.00
861  619.39  4700.00
862  619.66  4696.00
863  619.93  4730.00
864  620.21  4778.00
865  620.48  4762.00
866  620.75  4802.00
867  621.02  4811.00
868  621.30  4838.00
869  621.57  4873.00
870  621.84  4900.00
871  622.12  4934.00
872  622.39  4941.00
873  622.66  4944.00
874  622.93  4969.00
875  623.21  5056.00
876  623.48  5071.00
877  623.75  5077.00
878  624.03  5076.00
879  624.30  5172.00
880  624.57  5187.00
881  624.84  5161.00
882  625.12  5198.00
883  625.39  5270.00
884  625.66  5272.00
885  625.94  5305.00
886  626.21  5346.00
887  626.48  5352.00
888  626.76  5395.00
889  627.03  5447.00
890  627.30  5520.00
891  627.57  5534.00
892  627.85  5541.00
893  628.12  5607.00
894  628.39  5618.00
895  628.67  5671.00
896  628.94  5703.00
897  629.21  5749.00
898  629.48  5756.00
899  629.76  5808.00
900  630.03  5785.00
901  630.30  5879.00
902  630.58  5935.00
903  630.85  5956.00
904  631.12  6017.00
905  631.39  6065.00
906  631.67  6091.00
907  631.94  6122.00
908  632.21  6140.00
909  632.49  6179.00
910  632.76  6274.00
911  633.03  6264.00
912  633.30  6327.00
913  633.58  6361.00
914  633.85  6431.00
915  634.12  6467.00
916  634.40  6511.00
917  634.67  6491.00
918  634.94  6536.00
919  635.22  6627.00
920  635.49  6623.00
921  635.76  6696.00
922  636.03  6764.00
923  636.31  6752.00
924  636.58  6802.00
925  636.85  6844.00
926  637.13  6823.00
927  637.40  6906.00
928  637.67  6965.00
929  637.94  6961.00
930  638.22  7048.00
931  638.49  7057.00
932  638.76  7071.00
933  639.04  7117.00
934  639.31  7155.00
935  639.58  7183.00
936  639.86  7244.00
937  640.13  7283.00
938  640.40  7293.00
939  640.67  7329.00
940  640.95  7389.00
941  641.22  7397.00
942  641.49  7379.00
943  641.77  7466.00
944  642.04  7487.00
945  642.31  7493.00
946  642.59  7539.00
947  642.86  7573.00
948  643.13  7593.00
949  643.40  7621.00
950  643.68  7673.00
951  643.95  7698.00
952  644.22  7713.00
953  644.50  7695.00
954  644.77  7726.00
955  645.04  7736.00
956  645.31  7784.00
957  645.59  7768.00
958  645.86  7817.00
959  646.13  7854.00
960  646.41  7902.00
961  646.68  7878.00
962  646.95  7953.00
963  647.23  7906.00
964  647.50  7891.00
965  647.77  8004.00
966  648.04  8012.00
967  648.32  7972.00
968  648.59  7978.00
969  648.86  8036.00
970  649.14  8037.00
971  649.41  8039.00
972  649.68  8042.00
973  649.96  8092.00
974  650.23  8052.00
975  650.50  8074.00
976  650.77  8100.00
977  651.05  8097.00
978  651.32  8101.00
979  651.59  8189.00
980  651.87  8184.00
981  652.14  8114.00
982  652.41  8149.00
983  652.69  8188.00
984  652.96  8204.00
985  653.23  8199.00
986  653.50  8177.00
987  653.78  8248.00
988  654.05  8258.00
989  654.32  8259.00
990  654.60  8218.00
991  654.87  8323.00
992  655.14  8266.00
993  655.42  8296.00
994  655.69  8295.00
995  655.96  8292.00
996  656.24  8319.00
997  656.51  8299.00
998  656.78  8346.00
999  657.05  8353.00
1000  657.33  8374.00
1001  657.60  8385.00
1002  657.87  8378.00
1003  658.15  8475.00
1004  658.42  8445.00
1005  658.69  8443.00
1006  658.97  8434.00
1007  659.24  8522.00
1008  659.51  8499.00
1009  659.78  8544.00
1010  660.06  8509.00
1011  660.33  8543.00
1012  660.60  8548.00
1013  660.88  8592.00
1014  661.15  8605.00
1015  661.42  8619.00
1016  661.70  8637.00
1017  661.97  8748.00
1018  662.24  8702.00
1019  662.52  8734.00
1020  662.79  8782.00
1021  663.06  8761.00
1022  663.33  8802.00
1023  663.61  8823.00
1024  663.88  8829.00
1025  664.15  8810.00
1026  664.43  8889.00
1027  664.70  8913.00
1028  664.97  8957.00
1029  665.25  9055.00
1030  665.52  9040.00
1031  665.79  9028.00
1032  666.07  9082.00
1033  666.34  9088.00
1034  666.61  9109.00
1035  666.88  9186.00
1036  667.16  9207.00
1037  667.43  9205.00
1038  667.70  9230.00
1039  667.98  9266.00
1040  668.25  9283.00
1041  668.52  9286.00
1042  668.80  9343.00
1043  669.07  9388.00
1044  669.34  9445.00
1045  669.61  9430.00
1046  669.89  9523.00
1047  670.16  9512.00
1048  670.43  9597.00
1049  670.71  9623.00
1050  670.98  9666.00
1051  671.25  9684.00
1052  671.53  9690.00
1053  671.80  9793.00
1054  672.07  9774.00
1055  672.35  9806.00
1056  672.62  9896.00
1057  672.89  9840.00
1058  673.17  9896.00
1059  673.44  9920.00
1060  673.71  9978.00
1061  673.98  9985.00
1062  674.26  10015.00
1063  674.53  10008.00
1064  674.80  10065.00
1065  675.08  10132.00
1066  675.35  10101.00
1067  675.62  10152.00
1068  675.90  10220.00
1069  676.17  10244.00
1070  676.44  10201.00
1071  676.72  10312.00
1072  676.99  10272.00
1073  677.26  10339.00
1074  677.53  10376.00
1075  677.81  10393.00
1076  678.08  10474.00
1077  678.35  10496.00
1078  678.63  10519.00
1079  678.90  10535.00
1080  679.17  10589.00
1081  679.45  10587.00
1082  679.72  10665.00
1083  679.99  10642.00
1084  680.27  10654.00
1085  680.54  10674.00
1086  680.81  10796.00
1087  681.09  10779.00
1088  681.36  10806.00
1089  681.63  10782.00
1090  681.90  10863.00
1091  682.18  10855.00
1092  682.45  10890.00
1093  682.72  10932.00
1094  683.00  10967.00
1095  683.27  10941.00
1096  683.54  11019.00
1097  683.82  10976.00
1098  684.09  11042.00
1099  684.36  11062.00
1100  684.64  11158.00
1101  684.91  11056.00
1102  685.18  11135.00
1103  685.46  11192.00
1104  685.73  11256.00
1105  686.00  11222.00
1106  686.28  11256.00
1107  686.55  11237.00
1108  686.82  11265.00
1109  687.09  11269.00
1110  687.37  11273.00
1111  687.64  11279.00
1112  687.91  11253.00
1113  688.19  11355.00
1114  688.46  11363.00
1115  688.73  11370.00
1116  689.01  11350.00
1117  689.28  11403.00
1118  689.55  11436.00
1119  689.83  11444.00
1120  690.10  11455.00
1121  690.37  11481.00
1122  690.65  11515.00
1123  690.92  11490.00
1124  691.19  11498.00
1125  691.47  11540.00
1126  691.74  11584.00
1127  692.01  11501.00
1128  692.28  11604.00
1129  692.56  11663.00
1130  692.83  11642.00
1131  693.10  11614.00
1132  693.38  11686.00
1133  693.65  11705.00
1134  693.92  11742.00
1135  694.20  11801.00
1136  694.47  11779.00
1137  694.74  11852.00
1138  695.02  11814.00
1139  695.29  11891.00
1140  695.56  11893.00
1141  695.84  11908.00
1142  696.11  11980.00
1143  696.38  11870.00
1144  696.66  11933.00
1145  696.93  11942.00
1146  697.20  11938.00
1147  697.47  11973.00
1148  697.75  11994.00
1149  698.02  11992.00
1150  698.29  11942.00
1151  698.57  11977.00
1152  698.84  11994.00
1153  699.11  11939.00
1154  699.39  12027.00
1155  699.66  12037.00
1156  699.93  12010.00
1157  700.21  12041.00
1158  700.48  12037.00
1159  700.75  12049.00
1160  701.03  12006.00
1161  701.30  12039.00
1162  701.57  12099.00
1163  701.85  12050.00
1164  702.12  12011.00
1165  702.39  12113.00
1166  702.67  12083.00
1167  702.94  12099.00
1168  703.21  12072.00
1169  703.49  12140.00
1170  703.76  12119.00
1171  704.03  12127.00
1172  704.30  12113.00
1173  704.58  12107.00
1174  704.85  12206.00
1175  705.12  12189.00
1176  705.40  12141.00
1177  705.67  12229.00
1178  705.94  12247.00
1179  706.22  12182.00
1180  706.49  12232.00
1181  706.76  12209.00
1182  707.04  12220.00
1183  707.31  12215.00
1184  707.58  12260.00
1185  707.86  12274.00
1186  708.13  12256.00
1187  708.40  12300.00
1188  708.68  12356.00
1189  708.95  12337.00
1190  709.22  12352.00
1191  709.50  12356.00
1192  709.77  12452.00
1193  710.04  12402.00
1194  710.32  12426.00
1195  710.59  12443.00
1196  710.86  12497.00
1197  711.14  12498.00
1198  711.41  12503.00
1199  711.68  12511.00
1200  711.95  12558.00
1201  712.23  12600.00
1202  712.50  12636.00
1203  712.77  12703.00
1204  713.05  12702.00
1205  713.32  12621.00
1206  713.59  12661.00
1207  713.87  12666.00
1208  714.14  12741.00
1209  714.41  12845.00
1210  714.69  12773.00
1211  714.96  12823.00
1212  715.23  12873.00
1213  715.51  12869.00
1214  715.78  12906.00
1215  716.05  12878.00
1216  716.33  13010.00
1217  716.60  13009.00
1218  716.87  12973.00
1219  717.15  13055.00
1220  717.42  13039.00
1221  717.69  13101.00
1222  717.97  13048.00
1223  718.24  13143.00
1224  718.51  13051.00
1225  718.79  13222.00
1226  719.06  13166.00
1227  719.33  13180.00
1228  719.61  13219.00
1229  719.88  13241.00
1230  720.15  13285.00
1231  720.43  13279.00
1232  720.70  13378.00
1233  720.97  13375.00
1234  721.25  13323.00
1235  721.52  13347.00
1236  721.79  13346.00
1237  722.06  13468.00
1238  722.34  13457.00
1239  722.61  13473.00
1240  722.88  13441.00
1241  723.16  13524.00
1242  723.43  13491.00
1243  723.70  13465.00
1244  723.98  13591.00
1245  724.25  13614.00
1246  724.52  13654.00
1247  724.80  13618.00
1248  725.07  13570.00
1249  725.34  13636.00
1250  725.62  13633.00
1251  725.89  13659.00
1252  726.16  13715.00
1253  726.44  13733.00
1254  726.71  13653.00
1255  726.98  13724.00
1256  727.26  13747.00
1257  727.53  13710.00
1258  727.80  13766.00
1259  728.08  13806.00
1260  728.35  13763.00
1261  728.62  13770.00
1262  728.90  13834.00
1263  729.17  13735.00
1264  729.44  13845.00
1265  729.72  13832.00
1266  729.99  13802.00
1267  730.26  13843.00
1268  730.54  13854.00
1269  730.81  13916.00
1270  731.08  13893.00
1271  731.36  13897.00
1272  731.63  13909.00
1273  731.90  13892.00
1274  732.18  13968.00
1275  732.45  13986.00
1276  732.72  14023.00
1277  733.00  13948.00
1278  733.27  13975.00
1279  733.54  14169.00
1280  733.82  14069.00
1281  734.09  14022.00
1282  734.36  14017.00
1283  734.64  14065.00
1284  734.91  14052.00
1285  735.18  14042.00
1286  735.46  14056.00
1287  735.73  14020.00
1288  736.00  14028.00
1289  736.28  14112.00
1290  736.55  14064.00
1291  736.82  14066.00
1292  737.09  14065.00
1293  737.37  14070.00
1294  737.64  14108.00
1295  737.91  14049.00
1296  738.19  14069.00
1297  738.46  14071.00
1298  738.73  14105.00
1299  739.01  14091.00
1300  739.28  14115.00
1301  739.55  14102.00
1302  739.83  14124.00
1303  740.10  14117.00
1304  740.37  14167.00
1305  740.65  14160.00
1306  740.92  14134.00
1307  741.19  14238.00
1308  741.47  14118.00
1309  741.74  14152.00
1310  742.01  14127.00
1311  742.29  14004.00
1312  742.56  14094.00
1313  742.83  14235.00
1314  743.11  14159.00
1315  743.38  14153.00
1316  743.65  14174.00
1317  743.93  14114.00
1318  744.20  14080.00
1319  744.47  14168.00
1320  744.75  14164.00
1321  745.02  14202.00
1322  745.29  14115.00
1323  745.57  14112.00
1324  745.84  14217.00
1325  746.11  14248.00
1326  746.39  14218.00
1327  746.66  14215.00
1328  746.93  14322.00
1329  747.21  14144.00
1330  747.48  14154.00
1331  747.75  14220.00
1332  748.03  14186.00
1333  748.30  14179.00
1334  748.57  14282.00
1335  748.85  14218.00
1336  749.12  14304.00
1337  749.39  14215.00
1338  749.67  14254.00
1339  749.94  14242.00
1340  750.21  14296.00
1341  750.49  14249.00
1342  750.76  14368.00
1343  751.03  14270.00
1344  751.31  14284.00
1345  751.58  14261.00
1346  751.85  14288.00
1347  752.13  14300.00
1348  752.40  14351.00
1349  752.67  14346.00
1350  752.95  14247.00
1351  753.22  14341.00
1352  753.49  14300.00
1353  753.77  14288.00
1354  754.04  14231.00
1355  754.31  14362.00
1356  754.59  14323.00
1357  754.86  14334.00
1358  755.13  14371.00
1359  755.41  14299.00
1360  755.68  14366.00
1361  755.95  14317.00
1362  756.23  14296.00
1363  756.50  14338.00
1364  756.77  14264.00
1365  757.05  14292.00
1366  757.32  14403.00
1367  757.59  14294.00
1368  757.87  14292.00
1369  758.14  14270.00
1370  758.41  14259.00
1371  758.69  14285.00
1372  758.96  14175.00
1373  759.23  14283.00
1374  759.51  14200.00
1375  759.78  14291.00
1376  760.05  14260.00
1377  760.33  14320.00
1378  760.60  14166.00
1379  760.87  14147.00
1380  761.15  14213.00
1381  761.42  14165.00
1382  761.69  14210.00
1383  761.97  14213.00
1384  762.24  14250.00
1385  762.51  14177.00
1386  762.79  14192.00
1387  763.06  14130.00
1388  763.33  14171.00
1389  763.61  14126.00
1390  763.88  14150.00
1391  764.15  14082.00
1392  764.43  14218.00
1393  764.70  14148.00
1394  764.97  14121.00
1395  765.25  14127.00
1396  765.52  14126.00
1397  765.79  14111.00
1398  766.07  13996.00
1399  766.34  14144.00
1400  766.61  14082.00
1401  766.89  14078.00
1402  767.16  13976.00
1403  767.43  14013.00
1404  767.71  13994.00
1405  767.98  14017.00
1406  768.25  14015.00
1407  768.53  14016.00
1408  768.80  13987.00
1409  769.07  13954.00
1410  769.35  13882.00
1411  769.62  13967.00
1412  769.89  13923.00
1413  770.17  13934.00
1414  770.44  13919.00
1415  770.71  13939.00
1416  770.99  13867.00
1417  771.26  13949.00
1418  771.53  13944.00
1419  771.81  13888.00
1420  772.08  13880.00
1421  772.35  13795.00
1422  772.63  13831.00
1423  772.90  13845.00
1424  773.17  13770.00
1425  773.45  13801.00
1426  773.72  13725.00
1427  773.99  13694.00
1428  774.27  13665.00
1429  774.54  13628.00
1430  774.81  13667.00
1431  775.09  13624.00
1432  775.36  13608.00
1433  775.63  13516.00
1434  775.91  13555.00
1435  776.18  13478.00
1436  776.45  13450.00
1437  776.73  13431.00
1438  777.00  13339.00
1439  777.27  13385.00
1440  777.55  13346.00
1441  777.82  13206.00
1442  778.09  13332.00
1443  778.37  13284.00
1444  778.64  13115.00
1445  778.91  13208.00
1446  779.19  13156.00
1447  779.46  13106.00
1448  779.73  13063.00
1449  780.01  13046.00
1450  780.28  12916.00
1451  780.55  12974.00
1452  780.83  12824.00
1453  781.10  12834.00
1454  781.38  12722.00
1455  781.65  12681.00
1456  781.92  12692.00
1457  782.20  12699.00
1458  782.47  12649.00
1459  782.74  12692.00
1460  783.02  12684.00
1461  783.29  12668.00
1462  783.56  12608.00
1463  783.84  12618.00
1464  784.11  12598.00
1465  784.38  12464.00
1466  784.66  12503.00
1467  784.93  12511.00
1468  785.20  12482.00
1469  785.48  12422.00
1470  785.75  12423.00
1471  786.02  12361.00
1472  786.30  12379.00
1473  786.57  12375.00
1474  786.84  12259.00
1475  787.12  12322.00
1476  787.39  12249.00
1477  787.66  12202.00
1478  787.94  12242.00
1479  788.21  12128.00
1480  788.48  12132.00
1481  788.76  12160.00
1482  789.03  12097.00
1483  789.30  12072.00
1484  789.58  12057.00
1485  789.85  11965.00
1486  790.12  12045.00
1487  790.40  11941.00
1488  790.67  11897.00
1489  790.94  11902.00
1490  791.22  11893.00
1491  791.49  11874.00
1492  791.76  11846.00
1493  792.04  11829.00
1494  792.31  11836.00
1495  792.58  11745.00
1496  792.86  11786.00
1497  793.13  11782.00
1498  793.40  11744.00
1499  793.68  11634.00
1500  793.95  11649.00
1501  794.22  11556.00
1502  794.50  11613.00
1503  794.77  11556.00
1504  795.04  11547.00
1505  795.32  11455.00
1506  795.59  11424.00
1507  795.86  11481.00
1508  796.14  11381.00
1509  796.41  11434.00
1510  796.68  11389.00
1511  796.96  11384.00
1512  797.23  11358.00
1513  797.50  11382.00
1514  797.78  11334.00
1515  798.05  11356.00
1516  798.32  11257.00
1517  798.60  11230.00
1518  798.87  11242.00
1519  799.14  11244.00
1520  799.42  11280.00
1521  799.69  11296.00
1522  799.96  11176.00
1523  800.24  11168.00
1524  800.51  11192.00
1525  800.78  11158.00
1526  801.06  11152.00
1527  801.33  11201.00
1528  801.61  11165.00
1529  801.88  11263.00
1530  802.15  11176.00
1531  802.43  11205.00
1532  802.70  11164.00
1533  802.97  11140.00
1534  803.25  11179.00
1535  803.52  11104.00
1536  803.79  11145.00
1537  804.07  11137.00
1538  804.34  11052.00
1539  804.61  11084.00
1540  804.89  11094.00
1541  805.16  11062.00
1542  805.43  11094.00
1543  805.71  11043.00
1544  805.98  11088.00
1545  806.25  11043.00
1546  806.53  11077.00
1547  806.80  11092.00
1548  807.07  11025.00
1549  807.35  11094.00
1550  807.62  11039.00
1551  807.89  11063.00
1552  808.17  11009.00
1553  808.44  11081.00
1554  808.71  11080.00
1555  808.99  11047.00
1556  809.26  11104.00
1557  809.53  11063.00
1558  809.81  11084.00
1559  810.08  11139.00
1560  810.35  11217.00
1561  810.63  11178.00
1562  810.90  11220.00
1563  811.17  11239.00
1564  811.45  11236.00
1565  811.72  11269.00
1566  811.99  11315.00
1567  812.27  11367.00
1568  812.54  11274.00
1569  812.81  11358.00
1570  813.09  11331.00
1571  813.36  11337.00
1572  813.63  11350.00
1573  813.91  11372.00
1574  814.18  11366.00
1575  814.45  11380.00
1576  814.73  11521.00
1577  815.00  11504.00
1578  815.27  11497.00
1579  815.55  11519.00
1580  815.82  11583.00
1581  816.09  11613.00
1582  816.37  11643.00
1583  816.64  11641.00
1584  816.91  11691.00
1585  817.19  11775.00
1586  817.46  11806.00
1587  817.74  11799.00
1588  818.01  11899.00
1589  818.28  11958.00
1590  818.56  11961.00
1591  818.83  11919.00
1592  819.10  12015.00
1593  819.38  12080.00
1594  819.65  12123.00
1595  819.92  12030.00
1596  820.20  12222.00
1597  820.47  12225.00
1598  820.74  12235.00
1599  821.02  12252.00
1600  821.29  12312.00
1601  821.56  12386.00
1602  821.84  12381.00
1603  822.11  12406.00
1604  822.38  12406.00
1605  822.66  12500.00
1606  822.93  12448.00
1607  823.20  12496.00
1608  823.48  12604.00
1609  823.75  12667.00
1610  824.02  12716.00
1611  824.30  12775.00
1612  824.57  12791.00
1613  824.84  12834.00
1614  825.12  12857.00
1615  825.39  12939.00
1616  825.66  12991.00
1617  825.94  13059.00
1618  826.21  13163.00
1619  826.48  13152.00
1620  826.76  13119.00
1621  827.03  13162.00
1622  827.30  13351.00
1623  827.58  13315.00
1624  827.85  13349.00
1625  828.12  13435.00
1626  828.40  13511.00
1627  828.67  13582.00
1628  828.94  13626.00
1629  829.22  13628.00
1630  829.49  13744.00
1631  829.76  13900.00
1632  830.04  13863.00
1633  830.31  13986.00
1634  830.58  13962.00
1635  830.86  14032.00
1636  831.13  14109.00
1637  831.40  14145.00
1638  831.68  14262.00
1639  831.95  14367.00
1640  832.23  14361.00
1641  832.50  14472.00
1642  832.77  14455.00
1643  833.05  14611.00
1644  833.32  14667.00
1645  833.59  14641.00
1646  833.87  14697.00
1647  834.14  14795.00
1648  834.41  14798.00
1649  834.69  14851.00
1650  834.96  14843.00
