-4.006107235960159052e-01,-4.724834605852461511e-01
-4.376357222640001599e-01,-4.780077037197207890e-01
-4.866555861205834610e-01,-4.137496837209511114e-01
-5.019076988140744877e-01,-4.000758721931976236e-01
-4.157371278105694845e-01,-5.116097347169374920e-01
-4.766274032763710977e-01,-3.925198636713835842e-01
-4.762919095580211426e-01,-4.210028615799104035e-01
-3.896387836444232811e-01,-4.845651502629584328e-01
-4.025807101969671731e-01,-4.701705766652986007e-01
-4.823850058704741706e-01,-4.311591146124298390e-01
-3.887714549455041357e-01,-4.762913611937538150e-01
-4.839921961285684748e-01,-3.988779837036604548e-01
-4.860406596463100470e-01,-4.077629035520726752e-01
-3.880798856439175992e-01,-4.689991797311576782e-01
-4.200514899157319348e-01,-4.992320781090155979e-01
-4.687697786245694775e-01,-4.263592057875915664e-01
-4.689181470363832371e-01,-3.956594231636243464e-01
-4.678036626649859642e-01,-4.154906092505643578e-01
-5.070128353712322067e-01,-4.267624386088932908e-01
-5.130112602546499367e-01,-4.278245207931412608e-01
-4.290038666897879605e-01,-4.793529199594301904e-01
-4.335702206272460391e-01,-5.149380084950736514e-01
-4.973970839637686936e-01,-4.293897054261381907e-01
-5.081639528620254254e-01,-4.110674835824650319e-01
-4.829243265441447441e-01,-4.090444476426167153e-01
-4.840927675079855774e-01,-4.322077718400709756e-01
-4.879176339049358102e-01,-4.339977844149949249e-01
-5.082592820966171931e-01,-3.950154050411223139e-01
-4.818834341184170533e-01,-3.949541221624257581e-01
-4.997352506486663071e-01,-4.060828116220360773e-01
-4.927385282233340824e-01,-4.359788278377303428e-01
-4.252907474076723648e-01,-5.108321033922742505e-01
-4.803789682736774314e-01,-4.136787102958556783e-01
-5.006488603628853618e-01,-4.315710095803553248e-01
-4.981955670693973826e-01,-3.960232026902685831e-01
-4.278171456221788738e-01,-5.116481637256338200e-01
-4.142549947828162438e-01,-5.029742852340515213e-01
-4.093546245911665604e-01,-4.925336895412566474e-01
-4.835504657603215684e-01,-4.040622516468903580e-01
-4.904169643042652904e-01,-3.996569163586116691e-01
-4.891066521662668087e-01,-4.223078490467586654e-01
-4.283763204062638330e-01,-5.127900695016816002e-01
-4.324297654829187820e-01,-4.788791783688621795e-01
-4.150163382509368670e-01,-4.684129776610790330e-01
-3.974487124515098113e-01,-4.666486635082351953e-01
-5.021927381180475436e-01,-4.148131799384229268e-01
-4.242330988824871696e-01,-4.752281198254095784e-01
-5.031603573600360590e-01,-3.961691161905840364e-01
-4.796034510446802734e-01,-3.995562062218862565e-01
-4.136706251149302460e-01,-4.818786206626795021e-01
-5.107136136828913653e-01,-4.225201873850497059e-01
-4.730185682290559690e-01,-3.960688558497382772e-01
-4.991175355085029075e-01,-4.084801902479415769e-01
-4.723950577786715233e-01,-3.870297027353772901e-01
-4.368235927784902550e-01,-4.885918098706094614e-01
-5.036018327906641723e-01,-4.016497418680466946e-01
-4.784592288413629380e-01,-4.239159656332944781e-01
-5.018916632319445625e-01,-4.018130278772509278e-01
-4.841052772709113494e-01,-4.240161107150053343e-01
-5.126063664347280113e-01,-4.257641648310988014e-01
-4.367160446423907771e-01,-4.774567990196083578e-01
-4.790084781083379095e-01,-3.875451794054542987e-01
-4.744191229443157631e-01,-4.304530888782047704e-01
-4.010351454692604456e-01,-4.776659752257794711e-01
-4.733075459714959354e-01,-4.034678753920086791e-01
-4.048557010879316742e-01,-4.701224435222819409e-01
-4.132395816352600892e-01,-4.961393923400334582e-01
-5.004529368045202986e-01,-4.126444505719195632e-01
-4.804900840171897336e-01,-4.060060272714918206e-01
-4.184611587203974636e-01,-4.983108884459888088e-01
-4.138643434076445526e-01,-4.718082827233684995e-01
-4.990222192137794277e-01,-3.959018782250318669e-01
-3.984941649421260834e-01,-4.779149228683976514e-01
-3.954362200645569203e-01,-4.865045673973749096e-01
-5.064578380804332092e-01,-4.386079915875127355e-01
-4.271386971539514743e-01,-5.023262773755545751e-01
-4.350900405520610192e-01,-4.783100485010032266e-01
-4.305098774257503091e-01,-4.944586868384142075e-01
-4.720434320792590288e-01,-3.980157414133727034e-01
-4.176415623704912150e-01,-4.682843327202566019e-01
-5.057336328072890019e-01,-4.326868718850813700e-01
-4.062781298535165231e-01,-5.016860760154653320e-01
-5.024809556053664306e-01,-4.044021300309117439e-01
-3.968712779503453802e-01,-5.012789770648375942e-01
-5.094682345585332950e-01,-4.088053679298129239e-01
-4.116448595339043948e-01,-5.086492114356822025e-01
-4.330356229066687490e-01,-4.710115952179465548e-01
-4.687671949985641184e-01,-3.909884030070951422e-01
-4.225567781658299271e-01,-4.768636012429834370e-01
-4.700660423379776631e-01,-4.252541330049055546e-01
-5.018841540420893033e-01,-4.354720081259721987e-01
-4.769067663158483850e-01,-4.070568679972283999e-01
-4.230582853974429458e-01,-4.696841558467033106e-01
-4.703089838734044736e-01,-4.089971189778387473e-01
-3.929424641161398668e-01,-4.867529236411367588e-01
-4.786309787607205823e-01,-4.038790668128253714e-01
-4.700009103070110772e-01,-4.333585287262835539e-01
-4.146691445944390431e-01,-4.986631899117368594e-01
-4.140170686102719877e-01,-4.923547155677596709e-01
-5.002003959626937224e-01,-4.021567500064653355e-01
-4.957042692381570248e-01,-4.097606115882466149e-01
-4.115258340216565447e-01,-4.958504758993005357e-01
-4.815122723628280088e-01,-4.025248835640349299e-01
-4.764874394821256853e-01,-3.887843758481543954e-01
-4.050534513779091572e-01,-5.088621421843564363e-01
-4.161188361356096266e-01,-4.873780818525219605e-01
-5.114565221236822001e-01,-4.150473537204037999e-01
-4.690264239791255285e-01,-3.886552558716016570e-01
-4.928116633843409033e-01,-4.378132165609505133e-01
